>
-67.7191040765	-54.3182316453
-67.6813104256	-54.3323702772
-67.6348160781	-54.3451494254
-67.6122486463	-54.3508592575
-67.5847870726	-54.3595599541
-67.5584130860	-54.3630946121
-67.5105592547	-54.3726109991
-67.4822819907	-54.3775051409
-67.4803787133	-54.3777770377
>
-67.7726677400	-54.3568409865
-67.7074125154	-54.3910999793
>
-67.9154135437	-54.4093170629
-67.8727257510	-54.4188334498
-67.8436327967	-54.4264465593
-67.8077424232	-54.4356910495
-67.7789213657	-54.4460231267
>
-67.7827279205	-54.4555395136
-67.7307956376	-54.4664153844
-67.7142099347	-54.4707657327
>
-67.7060530316	-54.4775631519
-67.6794071482	-54.4870795388
>
-67.8574995319	-54.4180177595
-67.8096457006	-54.4316125979
>
-67.9067128471	-54.4204648304
-67.8632093641	-54.4299812173
-67.8218810552	-54.4414008816
-67.8017606943	-54.4462950235
-67.7851749914	-54.4528205459
>
-67.8471674547	-54.4514610621
-67.7829998172	-54.5039371385
>
-67.9110631954	-54.4250870755
-67.8523334933	-54.4481983008
>
-67.8871362798	-54.3437899415
-67.9252018274	-54.3318264837
-67.9809406651	-54.3103466390
-67.9999734389	-54.3000145617
>
-67.9246580339	-54.3122499163
-67.9502163302	-54.3027335294
-68.0127525870	-54.2885948974
>
-68.7265410832	-54.3446864313
-68.6744813486	-54.3682606508
-68.6663244455	-54.3712515152
>
-68.6377752848	-54.3233976839
-68.5708886796	-54.3380801094
>
-68.6377752848	-54.3565690897
-68.6054195693	-54.3671730637
>
-68.6780160066	-54.3802241086
-68.5785017892	-54.3867496310
-68.5624598798	-54.3875653214
-68.5360858932	-54.3924594632
-68.4974765520	-54.3919156697
>
-68.6894356709	-54.3728828958
-68.6391347686	-54.3709796184
-68.6111294014	-54.3717953087
>
-68.7014671029	-54.2800301492
-68.6488550781	-54.2843125233
-68.6188784594	-54.2904302006
-68.5625958282	-54.2947125747
-68.5228309257	-54.2953243425
>
-68.2722100789	-54.3265244967
-68.2558962727	-54.3253009612
-68.2432530730	-54.3191832839
-68.2204137444	-54.3179597485
-68.1849312160	-54.3122499163
>
-68.3990499216	-54.3416147674
-68.3864067218	-54.3481402898
-68.3329790067	-54.3595599541
-68.2921944914	-54.3660854766
-68.2334647893	-54.3791365215
>
-68.2049156285	-54.3795443667
-68.1425153200	-54.3913718761
-68.1310956557	-54.3950424825
-68.0833777728	-54.4011601598
-68.0503423154	-54.4048307662
>
-68.1987979512	-54.3522187414
-68.1686174099	-54.3615991799
-68.1286485848	-54.3722031539
-68.0874562243	-54.3872934246
-68.0617619797	-54.3909640310
-68.0185303934	-54.3934111019
-67.9985459809	-54.3978973986
>
-68.1580134359	-54.3216303549
-68.1249779784	-54.3306029482
>
-68.1755507775	-54.3350892449
-68.1290564300	-54.3456932189
-68.0964288177	-54.3522187414
-68.0442246380	-54.3632305605
>
-68.0425932574	-54.2926733490
-68.0821542373	-54.2845164459
-68.1490408425	-54.2661634140
-68.1747350872	-54.2575986658
-68.1808527645	-54.2555594400
>
-68.2421786357	-54.2378266726
-68.1930881191	-54.2514809885
>
-68.0291343674	-54.2861478265
-68.0739973343	-54.2775830783
>
-68.0744051794	-54.2641241882
-68.0209774643	-54.2722810913
>
-68.0509654121	-54.2378266726
-68.0360677350	-54.2400613242
>
-68.1505109820	-54.2378266726
-68.1498565328	-54.2380220984
-68.1143740045	-54.2474025369
>
-67.5042376548	-54.3611913348
-67.4732414231	-54.3717953087
>
-67.3990136052	-54.4611133974
-67.3627153865	-54.4696781456
-67.3447701998	-54.4745722874
>
-67.3680173735	-54.4472466621
-67.3317106581	-54.4615493076
>
-67.3750866895	-54.4155027144
-67.4150555146	-54.4155027144
>
-67.3317106581	-54.5022378722
-67.3424590772	-54.5003345063
-67.3701925477	-54.4908181194
-67.4465955398	-54.4704258617
-67.4571995138	-54.4677068940
>
-67.5518195894	-54.4478584299
-67.4914585067	-54.4590061974
>
-67.5784654727	-54.4293694496
-67.5423032025	-54.4242034110
>
-67.7913606429	-54.4130556434
-67.7709683852	-54.4206687530
-67.7459538824	-54.4293694496
>
-67.7764063206	-54.4375263527
-67.7193079991	-54.4310008302
-67.6983719479	-54.4274661722
>
-67.7475852631	-54.4541120556
-67.7133262702	-54.4489460170
-67.6850490062	-54.4464989460
>
-67.7620411079	-54.4195358498
-67.7346701665	-54.4188107917
>
-67.7671165143	-54.3487520576
-67.8138827586	-54.3675129346
>
-67.8155141392	-54.3865457085
-67.8568424481	-54.3732227668
>
-68.1926349578	-54.4401093720
-68.1661250228	-54.4384779913
-68.1404307782	-54.4417407526
-68.1363523266	-54.4433721332
>
-68.1212620559	-54.4437799783
-68.0988305725	-54.4409250623
-68.0486656186	-54.4307289334
>
-68.1525301844	-54.4199890111
-68.0878187533	-54.4063941726
>
-68.4464505917	-54.3036171939
-68.4067536634	-54.3147649614
>
-68.3855457154	-54.3193872065
-68.3542775870	-54.3259127290
-68.2895661560	-54.3463049867
>
-68.2534038857	-54.3427703287
-68.3208342844	-54.3302630773
-68.3749417414	-54.3123178905
>
-68.4274178178	-54.2802340718
-68.3934307217	-54.2873033878
>
-68.2349149054	-54.3411389480
-68.2998982332	-54.3250970387
-68.3322539487	-54.3182996194
>
-68.0812932309	-54.3707756959
-68.1595995004	-54.3514710253
>
-67.4576979912	-54.3597638767
-67.4283331401	-54.3494317995
-67.3587275672	-54.3263205741
>
-67.5186028674	-54.3230578129
-67.4615045459	-54.2928772715
-67.4275174498	-54.2800981234
-67.3986963923	-54.2651438011
>
-67.8340031195	-54.2779229492
-67.8035506813	-54.2605215560
-67.7755453141	-54.2504613756
>
-67.8630960738	-54.3029374520
-67.8122513780	-54.2749320848
>
-67.8465103709	-54.2537241368
-67.8194350021	-54.2378266726
>
-67.8609208996	-54.2401292984
-67.8569860328	-54.2378266726
>
-67.9930627293	-54.2404011951
-67.9569004591	-54.2583463819
-67.9166597373	-54.2694941494
>
-67.9453448464	-54.3460330899
-67.9195146533	-54.3566370639
>
-67.4015173213	-54.3629586638
-67.3457784836	-54.3760097087
-67.3317106581	-54.3786148615
>
-67.3680740187	-54.3439258899
-67.3387091676	-54.3488200318
>
-67.8060997136	-54.4184256046
-67.8468842289	-54.4059183533
-67.8490594031	-54.4048307662
>
-67.8691797640	-54.3988490373
-67.8903877120	-54.3923235148
>
-67.9784369490	-54.3954050115
-67.9434528980	-54.4119000822
-67.9238763307	-54.4184256046
>
-68.1643010487	-54.2977714134
-68.1069308304	-54.2874393362
>
-68.4198840115	-54.2523646530
-68.3826341542	-54.2632405237
>
-68.3486470581	-54.2722131171
-68.3059592653	-54.2841765749
-68.2907330463	-54.2879831297
>
-68.2757787240	-54.2904302006
-68.2404321440	-54.3010341746
-68.2116110865	-54.3094629745
>
-68.4274178178	-54.2802340718
-68.3948807315	-54.2870017857
>
-68.4332069532	-54.2616091431
-68.4073767602	-54.2667751817
>
-68.5716024086	-54.2539960336
-68.5406061770	-54.2632405237
-68.5101537388	-54.2686784591
>
-68.4648746373	-54.2378266726
-68.4438109272	-54.2450234402
>
-68.6946061669	-54.2378266726
-68.6678538649	-54.2501894788
-68.6374014267	-54.2616091431
>
-68.5206897386	-54.3640462508
-68.4595129656	-54.3673090121
>
-68.4086682698	-54.3689403927
-68.3681556512	-54.3803600570
>
-68.2615721178	-54.3928673083
-68.2055613834	-54.3879731665
>
-67.6886856255	-54.4060543016
-67.6650306066	-54.3940908438
>
-67.5709543245	-54.4604336554
-67.6234304009	-54.4620650361
>
-67.4907447776	-54.4218243142
-67.4570295783	-54.4161144821
>
-67.4064567792	-54.4052386113
-67.3833455539	-54.3978973986
>
-68.0153922515	-54.4295053980
-68.0355126124	-54.4295053980
>
-68.4428366304	-54.4010468695
-68.4142874697	-54.3988716953
-68.3900886573	-54.3996873856
>
-68.4520811206	-54.3360635417
-68.3949827991	-54.3548244187
>
-68.4713857912	-54.3371511288
-68.4947689133	-54.3279066386
>
-68.7265410832	-54.3736935186
-68.7136458124	-54.3760323667
>
-68.7265410832	-54.3823861402
-68.7177242639	-54.3847330633
>
-68.6422275944	-54.3430422254
-68.6093280853	-54.3373323933
>
-68.6471217362	-54.3359729094
-68.6223791303	-54.3321663547
>
-68.3549686579	-54.3914738374
-68.3340326067	-54.3958241857
>
-68.4699809912	-54.4300831786
-68.4248461276	-54.4265485206
>
-68.3334434971	-54.3041043423
-68.3042599105	-54.3162490646
>
-67.5972376788	-54.4489800041
-67.5707730600	-54.4431795396
>
-67.4665686233	-54.3530684188
-67.4168115145	-54.3370265094
>
-68.3950394443	-54.4234047142
-68.3624118320	-54.4225890239
>
-68.6829781226	-54.4862128679
-68.6294144592	-54.5030704675
>
-68.6163634142	-54.4957292548
-68.5679657894	-54.5079646094
>
-68.7085364189	-54.4970887386
-68.6544289619	-54.5044299514
>
-68.4140722181	-54.2442247434
-68.3787256381	-54.2537411304
>
-68.5795610537	-54.2378266726
-68.5907598019	-54.2508918788
>
-67.9768112329	-54.4215410884
-67.9545156979	-54.4099401596
>
-68.1194777334	-54.3278160064
-68.0729833859	-54.3095989228
>
-68.0033778131	-54.3520148188
-67.9666717493	-54.3278160064
>
-67.8505718289	-54.3927993342
-67.8829275444	-54.3838267408
>
-67.5092054354	-54.2412961887
-67.5418330477	-54.3000258908
>
-67.5833537091	-54.2378266726
-67.5919980016	-54.2547550787
>
-67.6586530026	-54.2378266726
-67.6690807356	-54.2735159558
>
-67.6988534318	-54.3824106118
-67.6886573029	-54.3554928316
>
-67.5418330477	-54.3579399026
-67.5267427770	-54.3359162643
>
-67.9443762142	-54.2396648080
-67.9434819861	-54.2378266726
>
-67.9753724459	-54.2939082135
-67.9570194140	-54.2682139688
>
-67.3778792960	-54.3652811153
-67.3578948834	-54.3351005740
>
-67.4859582616	-54.4541913588
-67.4402796044	-54.4284971141
>
-67.3868518893	-54.3734380184
-67.3937852569	-54.3897518245
>
-67.4676501918	-54.5112868480
-67.4390560690	-54.4978307902
>
-67.4655660040	-54.4635717973
-67.4455815914	-54.4468501460
>
-67.6070882722	-54.2771865622
-67.6152451753	-54.2963552844
>
-67.9150113631	-54.3571242123
-67.8497561386	-54.3567163671
>
-67.9447840594	-54.3542692962
-67.9610978655	-54.3538614510
-67.9610978655	-54.3538614510
>
-67.9880156456	-54.3648732702
-67.9337722402	-54.3697674120
>
-68.3693508642	-54.3730301732
-68.3493664517	-54.3730301732
>
-67.7945610945	-54.3666405992
-67.8096060490	-54.3670031282
>
-68.0383618640	-54.4072438500
-67.9763694007	-54.4107785080
>
-68.0775829730	-54.3492618640
-68.0555593347	-54.3253349483
>
-67.4429759141	-54.2774811170
-67.4921892293	-54.2772092202
>
-67.6507730198	-54.4898324936
-67.6333716266	-54.4955423257
>
-68.2402452150	-54.4109824306
-68.2106084672	-54.4177798498
>
-68.2568309179	-54.3522527285
-68.2212124412	-54.3446396189
>
-68.1263204688	-54.3182656323
-68.0969556177	-54.3003204456
>
-68.5694187378	-54.4423610171
-68.5151753324	-54.4513336105
>
-68.0865300760	-54.4843690679
-68.0428906446	-54.4431767074
>
-68.0102630323	-54.4427688622
-68.0645064377	-54.4937495064
>
-68.0257611481	-54.4937495064
-68.0041453550	-54.4603062038
>
-68.2488524471	-54.2886033942
-68.2170405251	-54.2665797559
>
-68.2035816351	-54.2629091495
-68.1819658419	-54.2551600916
