#	Global CMT Catalog
#	Search criteria:
#
#	Start date: 2016/1/1   End date: 2017/12/31
#	-70 <=lat<= 20          -90 <=lon<= 0 
#	0 <=depth<= 1000         -9999 <=time shift<= 9999
#	0 <=mb<= 10        0<=Ms<= 10           0<=Mw<= 10
#	0 <=tension plunge<= 90         0 <=null plunge<= 90
#
#	Results
#	Output in GMT psmeca (GMT v>3.3) format
#	Columns: lon lat depth mrr mtt mpp mrt mrp mtp iexp name
#
-78.99 0.15 18 0.67 3.23 -3.90 -1.39 -4.19 0.84 23 X Y 201601011715A  
-89.29 -41.30 23 -0.78 1.77 -1.00 -1.33 0.77 -3.98 23 X Y 201601011923A  
-15.97 -1.17 12 -4.75 0.23 4.51 -0.35 -0.02 -0.48 23 X Y 201601071050A  
-74.29 -41.65 32 4.35 -0.06 -4.29 -0.16 -3.97 -0.68 23 X Y 201601071540A  
-71.94 -30.74 33 4.07 0.20 -4.28 0.43 -2.70 0.21 24 X Y 201601080112A  
-13.83 -30.17 19 -3.39 0.73 2.65 1.40 1.15 -0.87 23 X Y 201601081329A  
-72.54 -36.27 51 2.58 -1.34 -1.24 -0.57 -0.02 -1.53 23 X Y 201601100436A  
-63.11 -19.77 591 -0.89 -0.59 1.48 -0.39 1.29 0.83 25 X Y 201601140325C  
-67.69 -28.58 19 2.02 -1.62 -0.40 -0.06 2.38 1.30 23 X Y 201601152032A  
-75.62 -38.11 18 -2.07 0.09 1.97 -0.15 -0.04 -0.02 23 X Y 201601160942A  
-84.21 8.94 25 2.14 -1.51 -0.63 0.89 -1.23 0.80 23 X Y 201601161658A  
-76.05 19.95 12 2.45 -0.04 -2.42 0.73 -1.47 0.74 23 X Y 201601170637A  
-76.06 19.93 12 4.41 -0.06 -4.35 0.77 -2.01 0.38 23 X Y 201601170830A  
-68.72 -21.39 132 -2.20 0.20 2.00 0.82 -0.42 -1.94 23 X Y 201601171528A  
-17.73 0.25 12 -0.19 0.86 -0.67 0.43 0.89 -1.54 23 X Y 201601171557A  
-84.73 17.27 12 -0.13 -0.69 0.82 0.23 0.18 1.27 24 X Y 201601180320A  
-72.80 -14.02 88 -2.71 -0.35 3.05 1.43 -0.03 -2.31 23 X Y 201601190204A  
-74.24 -15.84 55 -2.05 3.21 -1.16 0.64 -2.68 0.21 23 X Y 201601201201A  
-78.26 5.14 19 -3.77 1.04 2.73 1.85 -0.08 2.03 23 X Y 201601220241A  
-76.14 19.96 24 2.26 -0.40 -1.86 0.08 -0.90 0.36 23 X Y 201601251805A  
-54.79 -54.11 18 0.06 -2.25 2.19 0.99 -1.70 1.31 23 X Y 201601252302A  
-71.99 -32.66 32 4.56 1.04 -5.61 -0.05 -1.12 1.40 23 X Y 201601260019A  
-15.17 -45.11 14 -2.76 1.14 1.62 0.48 0.22 -1.02 23 X Y 201601270513A  
-27.98 1.13 18 -0.46 0.95 -0.49 0.17 0.15 -4.27 24 X Y 201601271511A  
-15.39 -35.31 19 -2.40 0.83 1.57 -0.89 0.35 0.66 23 X Y 201601280151A  
-27.91 1.12 22 -0.71 1.12 -0.41 0.52 -1.26 -2.35 23 X Y 201601280346A  
-71.74 -30.28 42 5.24 -0.02 -5.22 0.69 -2.52 -0.51 23 X Y 201601292007A  
-74.29 -8.25 161 0.03 0.04 -0.08 0.19 -1.25 -0.34 24 X Y 201601310741A  
-82.80 8.72 27 0.13 2.08 -2.22 1.00 -0.07 4.28 23 X Y 201601311138A  
-60.57 15.08 44 2.12 0.21 -2.33 -0.65 1.28 0.02 23 X Y 201602020718A  
-86.34 16.86 22 -0.61 -3.07 3.68 -0.92 1.82 4.33 23 X Y 201602021936A  
-28.52 1.16 15 -0.26 0.45 -0.20 -0.10 -0.46 -1.90 23 X Y 201602042219A  
-72.08 -31.00 35 4.74 -0.97 -3.77 -0.02 -1.91 -0.06 23 X Y 201602050528A  
-87.10 10.91 27 3.45 -2.07 -1.38 1.67 -1.48 1.80 23 X Y 201602091212B  
-25.32 -57.95 78 0.32 -3.26 2.95 -2.21 -3.90 -1.88 23 X Y 201602091228A  
-71.90 -30.62 36 3.53 0.16 -3.69 0.39 -2.28 -0.24 25 X Y 201602100033A  
-82.61 3.93 14 -0.26 0.18 0.08 -0.50 0.39 1.70 23 X Y 201602110702A  
-13.74 -25.73 12 -0.18 -0.62 0.80 -0.12 0.38 1.40 24 X Y 201602111700A  
-71.02 -16.91 129 -1.18 0.95 0.24 1.35 -4.40 -3.58 23 X Y 201602130346A  
-13.60 -0.80 24 -0.69 1.67 -0.98 -0.16 0.55 -3.35 23 X Y 201602141526A  
-15.20 -1.13 25 -0.35 1.42 -1.07 0.77 1.48 -2.89 23 X Y 201602150812A  
-85.33 1.19 17 0.57 0.92 -1.48 -0.83 -1.44 5.31 23 X Y 201602152153A  
-73.91 -16.59 34 2.12 0.11 -2.23 0.10 -3.14 1.42 24 X Y 201602161046A  
-27.09 -56.28 116 1.28 0.02 -1.30 -2.98 1.24 2.22 24 X Y 201602180107A  
-71.81 -30.62 36 4.21 -0.17 -4.04 0.02 -2.18 0.12 23 X Y 201602190533A  
-77.89 -45.80 25 -0.68 2.08 -1.40 -0.80 -1.48 -3.51 23 X Y 201602192150A  
-71.70 -15.80 20 -2.13 4.98 -2.85 -1.63 2.53 -1.18 23 X Y 201602200205A  
-32.46 4.42 19 -2.65 0.06 2.58 -0.88 -1.19 -0.56 23 X Y 201602201233A  
-32.67 4.74 14 -5.23 0.12 5.11 1.08 2.86 -0.36 23 X Y 201602201248A  
-32.60 4.69 15 -3.20 -0.14 3.34 -0.32 0.79 0.08 23 X Y 201602201322A  
-32.61 4.67 19 -4.05 0.43 3.62 0.54 -0.56 -0.32 23 X Y 201602201350B  
-32.53 4.96 17 -2.92 -0.84 3.76 4.00 -0.86 -0.18 23 X Y 201602201358A  
-32.62 4.87 21 -2.83 -0.07 2.90 1.17 0.57 0.20 23 X Y 201602201454A  
-32.46 4.84 23 -2.83 -0.08 2.92 1.09 -0.98 0.28 23 X Y 201602201459A  
-32.64 4.73 18 -3.81 0.32 3.49 0.17 1.03 0.09 23 X Y 201602201648A  
-32.57 4.80 17 -2.88 0.31 2.57 0.54 0.43 0.69 23 X Y 201602201748A  
-38.45 8.14 28 -0.53 -0.02 0.55 0.27 0.97 -4.07 23 X Y 201602210104A  
-32.56 4.79 12 -2.06 0.20 1.86 0.06 0.07 0.04 24 X Y 201602210126A  
-32.59 4.63 12 -3.98 0.20 3.78 0.07 -0.03 -0.09 23 X Y 201602210226A  
-77.76 -45.72 19 -0.75 1.44 -0.69 1.16 -1.43 -2.12 23 X Y 201602211337A  
-72.26 -30.56 12 0.97 0.02 -1.00 0.01 -0.95 0.01 25 X Y 201602220637A  
-71.67 -15.73 23 -1.89 2.19 -0.30 0.07 -0.20 0.57 23 X Y 201602222029A  
-69.17 -23.05 108 -5.37 -0.75 6.12 -2.20 -3.10 -0.20 23 X Y 201602251535A  
-67.54 -31.75 35 2.14 1.33 -3.47 -1.72 2.17 -1.59 23 X Y 201602260852A  
-32.59 4.64 12 -1.61 0.06 1.55 0.19 0.05 0.04 24 X Y 201602270241A  
-32.66 4.74 13 -2.19 0.22 1.97 1.70 1.27 -0.12 23 X Y 201602270254A  
-32.68 4.78 18 -1.71 0.27 1.44 1.18 1.20 0.01 23 X Y 201602270320A  
-32.44 4.50 27 -2.30 0.18 2.12 -0.99 -0.93 -0.73 23 X Y 201602270852A  
-32.49 4.75 17 -2.03 0.33 1.71 1.87 -0.54 0.20 23 X Y 201602281511A  
-12.74 -28.97 17 -0.22 -1.00 1.21 -0.24 -0.09 1.61 23 X Y 201602292350A  
-89.07 12.98 62 -0.05 -1.01 1.06 4.58 -4.16 0.68 23 X Y 201603010108A  
-1.36 -54.17 19 -1.03 2.22 -1.19 0.53 -1.02 -3.90 23 X Y 201603010711A  
-74.38 -7.85 156 -2.42 -0.85 3.27 1.33 -1.45 0.13 23 X Y 201603010850A  
-70.98 -18.79 60 0.59 0.07 -0.67 0.11 -0.41 0.23 24 X Y 201603020949A  
-73.82 -16.29 43 4.39 -3.17 -1.22 -1.00 0.03 1.23 23 X Y 201603031009A  
-26.65 -56.43 149 0.84 -2.14 1.30 -1.35 2.07 -0.36 23 X Y 201603031928A  
-80.69 -1.43 36 -3.58 0.48 3.11 -0.72 -0.72 0.32 23 X Y 201603060054A  
-71.53 -30.45 46 2.76 -0.36 -2.39 0.62 -1.39 0.14 23 X Y 201603091328A  
-39.62 -54.73 15 0.19 -0.22 0.03 0.62 0.05 1.24 24 X Y 201603091550A  
-36.33 7.50 21 -0.05 0.03 0.02 -0.84 0.45 -1.97 23 X Y 201603091855A  
-66.75 -57.42 28 3.75 -1.23 -2.52 0.83 -0.61 0.71 23 X Y 201603100324A  
-71.73 -30.22 37 5.56 -0.09 -5.47 1.90 -2.30 -0.28 23 X Y 201603121605A  
-26.61 -56.46 93 -1.33 2.13 -0.80 -2.24 2.52 0.75 24 X Y 201603140726A  
-46.43 16.98 20 -1.92 0.25 1.67 0.92 -0.91 -0.03 23 X Y 201603150653A  
-26.37 -55.84 49 2.45 -0.36 -2.09 -0.58 1.13 1.66 23 X Y 201603151335A  
-72.03 -31.28 31 1.10 0.08 -1.19 0.01 -0.97 0.10 24 X Y 201603160349A  
-22.97 -59.14 18 -1.07 -0.37 1.44 0.73 0.09 2.93 23 X Y 201603160924A  
-89.66 -41.38 22 -0.55 0.78 -0.23 -1.65 0.36 -1.87 23 X Y 201603180236A  
-26.70 -56.50 107 0.49 0.01 -0.50 -0.62 -0.20 -0.33 24 X Y 201603181052A  
-89.16 11.76 12 -2.68 1.93 0.75 0.52 0.52 -1.34 24 X Y 201603191024A  
-60.69 18.07 39 0.68 -0.07 -0.60 -0.92 0.05 -0.94 25 X Y 201603191126A  
-66.90 -23.21 219 -2.39 0.84 1.55 -0.09 -2.00 -0.58 23 X Y 201603200834A  
-85.55 -41.56 12 -0.23 0.28 -0.05 0.35 0.72 -1.44 23 X Y 201603230239A  
-85.22 17.24 33 0.11 -1.31 1.20 -0.22 0.45 2.16 23 X Y 201603270939A  
-77.32 -45.64 36 0.81 1.49 -2.29 -0.38 -0.93 -2.86 23 X Y 201603271201A  
-27.41 -56.40 12 2.44 -0.94 -1.50 -0.69 -0.62 0.20 24 X Y 201603281907A  
-17.60 0.23 19 -0.41 1.99 -1.58 -0.72 1.22 -2.91 23 X Y 201604011425A  
-69.65 -16.78 208 1.24 -1.85 0.61 0.82 -2.71 0.32 23 X Y 201604030541A  
-15.95 -1.57 23 -2.76 0.26 2.50 -1.47 0.57 -0.65 23 X Y 201604032211A  
-72.00 -31.26 29 1.02 0.04 -1.06 0.19 -1.01 0.08 24 X Y 201604041232A  
-71.82 -31.46 34 1.07 0.14 -1.21 0.04 -0.81 -0.03 24 X Y 201604061735A  
-62.51 10.61 84 0.88 -2.67 1.79 2.65 -3.14 -0.68 23 X Y 201604071222A  
-30.71 -60.46 17 -0.98 -1.20 2.18 2.08 2.49 5.45 23 X Y 201604080717A  
-16.40 -41.68 12 -2.62 0.57 2.05 1.85 -0.48 -0.84 23 X Y 201604102213A  
-76.68 7.18 28 0.29 -0.28 -0.01 -0.52 0.36 -0.70 24 X Y 201604110929A  
-66.54 -21.03 258 -1.03 1.05 -0.03 -0.19 -2.32 -0.40 24 X Y 201604132001A  
-70.39 -33.85 129 1.20 -1.68 0.48 -4.68 -4.61 0.50 23 X Y 201604140938A  
-70.15 -26.48 102 -0.66 0.68 -0.02 0.15 0.51 -0.39 24 X Y 201604160605A  
-80.25 -0.12 22 3.41 0.03 -3.44 1.22 -4.65 -0.64 27 X Y 201604162358A  
-80.70 -0.51 37 1.30 -0.39 -0.92 0.05 -0.51 -0.06 25 X Y 201604170713A  
-81.03 -0.30 18 3.00 -0.54 -2.46 -0.55 -3.40 -0.38 24 X Y 201604170923A  
-24.63 -58.14 37 2.27 0.28 -2.55 -0.27 1.09 0.46 24 X Y 201604171933A  
-71.49 -31.83 50 0.69 0.06 -0.75 0.02 -0.47 0.12 24 X Y 201604181138A  
-81.00 -1.07 12 1.13 0.06 -1.19 0.03 -1.51 -0.00 24 X Y 201604181838A  
-80.91 -0.03 12 0.21 0.64 -0.85 0.44 0.17 0.46 24 X Y 201604182115A  
-81.00 -0.26 13 2.25 -0.21 -2.05 -0.53 -2.40 -0.47 23 X Y 201604190203A  
-26.99 -55.60 20 1.04 -0.63 -0.41 -0.71 0.67 0.62 24 X Y 201604190418A  
-27.05 -55.59 21 2.23 -1.49 -0.74 -1.65 1.19 1.17 25 X Y 201604190525A  
-81.08 -1.16 19 2.36 0.13 -2.50 -0.77 -2.13 0.01 23 X Y 201604191712A  
-80.28 0.50 14 2.23 0.00 -2.23 -0.02 -3.43 -0.26 24 X Y 201604192222A  
-80.57 0.62 12 0.71 0.00 -0.71 -0.19 -1.25 -0.16 25 X Y 201604200833A  
-80.36 0.57 22 1.25 -0.19 -1.06 0.03 -1.02 -0.22 25 X Y 201604200833B  
-55.91 13.27 41 1.85 -3.42 1.57 0.25 1.53 -0.07 24 X Y 201604201051A  
-80.28 0.60 28 3.32 -0.24 -3.09 -0.18 -3.16 -0.29 23 X Y 201604202130A  
-67.68 -22.36 184 1.74 -0.52 -1.22 0.03 -5.81 3.63 23 X Y 201604211807A  
-80.76 -0.34 13 0.63 0.02 -0.65 0.07 -1.10 -0.13 25 X Y 201604220303A  
-80.85 -0.38 15 5.01 -0.32 -4.70 -0.16 -6.88 -0.51 24 X Y 201604220320A  
-80.82 -0.38 23 3.75 -0.69 -3.06 -0.13 -3.12 -0.71 23 X Y 201604220431A  
-80.95 -0.29 15 2.23 -0.19 -2.04 -0.23 -5.97 0.27 23 X Y 201604220852A  
-80.56 0.69 12 2.10 -0.16 -1.93 -2.01 -2.87 -0.61 24 X Y 201604230124A  
-26.75 -59.53 12 2.87 -1.54 -1.33 -1.15 -0.17 -0.21 24 X Y 201604240838A  
-26.54 -55.51 13 5.00 -1.60 -3.40 -2.61 5.14 3.39 23 X Y 201604252147A  
-81.07 -0.14 12 0.58 0.01 -0.59 -0.41 -0.87 -0.19 24 X Y 201604262158A  
-67.01 -24.19 208 -4.94 -0.83 5.78 0.90 -4.89 0.90 23 X Y 201604271013A  
-13.94 -0.76 25 -0.57 2.84 -2.27 0.27 2.04 -5.08 23 X Y 201604271714A  
-82.52 6.70 21 0.30 -0.39 0.09 -0.26 0.16 2.09 23 X Y 201604291737A  
-13.27 -31.18 12 -5.54 0.58 4.96 0.68 -2.75 -1.56 23 X Y 201604300020A  
-13.30 -31.11 12 -1.34 0.07 1.27 0.25 -0.23 -0.31 24 X Y 201604300036A  
-72.22 -29.96 28 3.48 -1.03 -2.45 0.43 -0.96 -0.14 23 X Y 201604300249A  
-61.40 18.08 21 1.98 -0.64 -1.34 -0.50 2.32 1.56 23 X Y 201605011035A  
-25.28 -60.28 19 -2.65 -0.08 2.74 -0.40 4.02 1.94 23 X Y 201605020737A  
-89.06 12.82 55 3.52 -3.04 -0.48 0.78 -0.60 1.79 23 X Y 201605021150A  
-84.30 2.24 12 -1.20 1.55 -0.35 0.90 -2.13 0.02 23 X Y 201605032025A  
-84.64 2.22 12 -3.25 3.22 0.03 1.30 1.29 -0.13 23 X Y 201605040028A  
-18.86 -0.15 25 0.46 1.88 -2.35 0.84 -1.06 -4.77 23 X Y 201605071607A  
-61.39 17.85 40 3.20 -0.98 -2.22 -0.83 1.88 1.66 23 X Y 201605081348A  
-13.53 -23.39 18 -2.81 0.14 2.67 2.56 1.93 -0.39 23 X Y 201605091523A  
-71.95 -30.73 30 1.19 0.12 -1.31 0.21 -0.93 0.10 24 X Y 201605111311A  
-26.16 -55.50 21 2.71 -1.02 -1.69 -1.83 0.17 1.44 23 X Y 201605172201A  
-80.04 0.43 27 0.68 0.04 -0.73 0.19 -1.20 -0.15 26 X Y 201605180757A  
-67.20 -24.34 184 -0.90 0.05 0.86 0.22 -0.46 -0.31 24 X Y 201605181449A  
-80.02 0.30 34 1.39 0.10 -1.48 0.37 -2.02 -0.32 26 X Y 201605181646A  
-66.35 -28.15 180 -4.36 1.81 2.55 2.16 1.19 -3.91 23 X Y 201605192025A  
-71.93 -30.54 32 4.76 -0.15 -4.61 0.73 -2.24 0.05 23 X Y 201605221147A  
-64.25 -22.49 12 0.60 0.18 -0.78 -0.39 0.40 -0.06 24 X Y 201605221220A  
-67.57 -22.24 186 -0.98 -0.14 1.12 0.19 -3.34 1.85 23 X Y 201605230343A  
-79.31 -2.90 109 -1.98 -0.74 2.72 0.32 -0.63 -1.10 23 X Y 201605241635A  
-85.74 11.52 202 3.09 -1.37 -1.71 2.35 -2.25 1.93 23 X Y 201605260102A  
-74.94 -8.43 138 -3.97 0.48 3.49 1.48 -1.96 -0.97 23 X Y 201605271000A  
-35.86 7.45 12 -0.28 0.07 0.21 0.13 -0.06 -1.02 24 X Y 201605280443A  
-26.50 -56.24 69 -4.43 5.71 -1.28 -4.17 2.34 2.53 26 X Y 201605280947A  
-40.92 10.74 17 -0.98 0.27 0.71 -0.45 0.64 -3.33 23 X Y 201605290558A  
-26.27 -55.63 27 3.48 -1.58 -1.90 0.12 0.71 0.99 23 X Y 201605300514A  
-7.65 -49.30 14 -3.73 1.84 1.89 5.38 -1.59 -1.39 23 X Y 201605300735A  
-55.13 -61.82 16 -2.01 -1.35 3.37 -0.33 -0.28 0.85 23 X Y 201605301535A  
-80.53 0.10 12 -5.28 1.34 3.94 0.37 -1.64 -2.17 23 X Y 201606011005A  
-80.56 0.06 17 -2.50 0.64 1.86 -0.46 0.40 -0.90 23 X Y 201606011500A  
-74.99 -13.65 109 -1.75 3.33 -1.58 0.21 1.78 -2.50 23 X Y 201606012131A  
-89.67 12.41 21 2.42 -1.66 -0.76 0.85 -2.02 1.19 23 X Y 201606022339A  
-74.58 -15.85 48 0.56 0.06 -0.62 0.07 -0.40 0.37 24 X Y 201606050407A  
-72.03 -29.45 36 2.50 1.68 -4.18 -2.18 -3.61 1.32 24 X Y 201606050551A  
-69.36 -19.45 130 -2.72 0.30 2.42 0.86 -5.13 -1.11 23 X Y 201606051505A  
-71.80 -30.13 39 1.35 0.24 -1.59 0.41 -0.47 0.10 24 X Y 201606061316A  
-71.66 -30.06 40 1.60 0.49 -2.08 0.02 -0.62 -0.00 24 X Y 201606061321A  
-82.54 5.16 27 0.12 -0.12 -0.00 0.03 0.03 2.36 23 X Y 201606061616A  
-15.88 -42.91 12 -4.61 -1.61 6.22 -0.99 -0.95 0.54 23 X Y 201606081224A  
-76.88 -4.21 121 -1.61 0.07 1.55 -0.46 0.65 -0.40 23 X Y 201606082018A  
-87.13 12.92 14 -0.57 -1.30 1.87 -0.40 -0.17 -0.81 25 X Y 201606100325A  
-13.46 -7.29 17 -0.44 -1.13 1.57 -0.21 0.02 2.67 24 X Y 201606100926A  
-11.58 -20.43 13 -3.08 0.30 2.78 1.35 -0.05 -0.41 23 X Y 201606140145A  
-11.54 -20.44 12 -0.94 0.09 0.85 0.32 -0.24 -0.14 24 X Y 201606140213A  
-11.52 -20.48 18 -1.01 0.11 0.90 0.10 -0.17 -0.21 24 X Y 201606140216A  
-11.48 -20.21 19 -2.17 -0.08 2.25 1.90 -0.57 0.03 23 X Y 201606140303A  
-87.14 12.73 12 -2.44 -0.11 2.55 -1.46 -0.05 0.12 23 X Y 201606140345A  
-11.52 -20.52 12 -6.40 0.47 5.93 3.26 -2.97 -0.77 23 X Y 201606142242A  
-67.27 -24.21 192 -3.16 -0.24 3.40 0.73 -3.51 -0.23 24 X Y 201606181729A  
-11.50 -5.38 16 -2.39 0.22 2.17 1.38 -0.14 -0.59 23 X Y 201606192252A  
-11.47 -5.47 12 -2.04 -0.03 2.07 0.15 -0.18 -0.49 24 X Y 201606192313A  
-13.98 -29.96 23 -2.78 0.22 2.56 1.01 1.27 -0.34 23 X Y 201606200257A  
-72.01 -30.68 35 5.30 0.11 -5.41 0.63 -3.53 0.27 23 X Y 201606220354A  
-70.83 -14.89 195 -1.19 -0.46 1.65 2.99 -3.19 -1.77 23 X Y 201606221741A  
-26.72 -55.39 17 3.82 -1.53 -2.29 -3.36 2.21 2.47 23 X Y 201606222010A  
-42.91 -60.97 16 -0.10 1.56 -1.46 -0.00 1.21 1.00 24 X Y 201606230305A  
-69.51 -25.79 128 0.66 1.08 -1.73 0.48 0.37 -1.00 24 X Y 201606242129A  
-14.49 -34.21 24 -0.38 -2.16 2.54 -0.28 1.25 3.29 23 X Y 201606250559A  
-71.46 -31.58 46 4.02 1.14 -5.16 0.69 -2.16 0.20 23 X Y 201606271251A  
-14.55 -12.89 12 -3.19 0.21 2.98 1.49 0.51 -0.92 23 X Y 201606290958B  
-14.57 -12.67 21 -3.40 0.86 2.55 0.90 -0.20 -0.23 23 X Y 201606291006A  
-11.84 -19.77 12 -4.87 0.19 4.67 1.95 1.39 -0.93 23 X Y 201606291107A  
-11.67 -20.04 14 -4.56 0.97 3.59 -2.77 -1.75 -1.16 23 X Y 201606291117A  
-11.75 -19.61 28 -3.59 0.48 3.11 1.24 -0.24 -0.34 23 X Y 201606291217A  
-33.07 5.79 18 -2.70 0.61 2.09 0.06 2.25 -0.93 23 X Y 201606291742A  
-13.47 -14.40 12 -2.48 0.28 2.20 -0.05 -0.08 -0.34 23 X Y 201606300154A  
-85.07 10.88 12 0.02 -1.62 1.61 -0.30 -0.57 -0.09 24 X Y 201607030158A  
-85.04 10.77 12 -0.22 -3.49 3.70 -0.28 -1.51 0.41 23 X Y 201607030216A  
-13.47 -7.50 20 -3.11 0.10 3.00 -0.00 -0.04 -0.16 23 X Y 201607031738A  
-13.30 -0.70 12 -0.54 2.28 -1.75 0.47 0.72 -2.65 23 X Y 201607041052A  
-71.14 -20.11 19 4.81 0.15 -4.96 0.66 -3.89 0.87 23 X Y 201607050229A  
-79.79 0.84 18 -1.34 1.96 -0.62 0.23 2.11 0.85 23 X Y 201607060619A  
-78.43 -44.42 19 -0.91 1.66 -0.75 0.38 -0.81 -2.88 23 X Y 201607080035A  
-37.20 -61.17 13 -0.31 2.04 -1.73 0.13 0.48 3.12 23 X Y 201607080311A  
-81.21 -0.43 12 0.73 0.09 -0.81 -0.10 -1.43 0.01 24 X Y 201607080428A  
-82.66 6.84 25 0.15 -0.53 0.38 0.42 0.26 2.41 23 X Y 201607091137A  
-80.06 0.48 34 0.61 0.04 -0.65 0.10 -0.73 -0.11 25 X Y 201607110201A  
-80.00 0.58 30 2.22 0.24 -2.45 0.47 -3.20 -0.53 25 X Y 201607110211A  
-68.98 -56.78 27 1.41 1.58 -2.99 0.38 -0.25 1.50 23 X Y 201607112141A  
-69.11 -56.74 24 1.47 2.15 -3.62 0.39 -0.56 1.17 23 X Y 201607112148A  
-77.98 -11.25 68 -2.38 0.40 1.98 -0.29 -2.96 -2.39 23 X Y 201607180135A  
-71.95 -30.86 25 2.43 0.41 -2.84 2.45 -5.62 0.73 23 X Y 201607180258A  
-71.92 -30.59 37 5.18 -0.13 -5.05 0.36 -1.38 1.74 23 X Y 201607180859A  
-72.29 -30.27 14 3.40 -0.00 -3.39 0.14 -2.82 0.09 24 X Y 201607190518A  
-13.36 -24.90 19 -0.52 -0.91 1.43 -0.92 -0.52 1.68 23 X Y 201607191849A  
-80.64 -1.11 12 2.64 -0.24 -2.40 0.56 -0.94 0.09 23 X Y 201607200120A  
-13.23 -15.37 12 -6.24 0.10 6.14 2.84 0.19 0.35 23 X Y 201607200330A  
-13.21 -15.44 12 -1.30 -0.02 1.32 0.41 0.16 -0.17 24 X Y 201607200757A  
-15.24 -35.27 21 -0.21 -3.52 3.73 -0.93 0.73 6.36 23 X Y 201607230618A  
-67.18 -22.42 20 -4.60 1.16 3.44 -1.53 -0.85 -2.50 23 X Y 201607232217A  
-28.77 0.97 23 -0.40 1.35 -0.95 -0.01 -0.71 -6.93 24 X Y 201607241410A  
-70.63 -26.15 88 -1.28 0.43 0.85 0.49 -1.00 -0.02 25 X Y 201607251726A  
-18.63 -0.09 28 -0.04 0.40 -0.36 0.26 -0.23 -1.02 25 X Y 201607260549A  
-26.48 -55.65 60 3.30 -0.98 -2.33 -3.51 0.52 3.46 23 X Y 201607261632A  
-71.88 -32.59 32 3.10 0.01 -3.11 0.66 0.98 0.46 23 X Y 201607262300A  
-79.48 -44.62 20 -0.55 3.73 -3.18 0.26 -0.33 -7.55 24 X Y 201607270125A  
-68.13 -24.17 144 -1.30 0.33 0.97 0.22 -0.67 -0.83 24 X Y 201607270643A  
-25.83 -59.90 44 2.32 1.64 -3.96 -1.44 0.96 -1.55 23 X Y 201607310934A  
-27.19 -56.24 109 0.23 1.09 -1.32 -4.86 1.07 7.53 24 X Y 201607311133A  
-12.98 -11.51 20 -0.41 -0.61 1.03 -0.64 -0.77 1.83 23 X Y 201608010355A  
-84.45 2.75 24 -3.44 2.61 0.83 0.80 0.08 -0.31 23 X Y 201608020419A  
-24.94 -58.98 51 2.24 0.78 -3.02 -0.33 0.58 0.04 24 X Y 201608020732A  
-27.02 -55.51 32 4.30 -1.71 -2.59 0.51 1.30 1.87 23 X Y 201608031515A  
-86.93 10.71 23 1.47 -0.93 -0.54 0.71 -1.08 0.66 23 X Y 201608040557A  
-66.01 -22.17 277 0.37 -0.15 -0.22 0.34 -1.99 -0.00 25 X Y 201608041415A  
-45.03 14.78 12 -3.17 0.34 2.83 0.76 1.92 -0.19 23 X Y 201608051740A  
-44.93 14.73 12 -1.49 -0.00 1.49 -0.10 0.02 0.04 24 X Y 201608051749A  
-71.74 -31.71 30 2.36 0.38 -2.73 1.56 -0.37 1.37 23 X Y 201608081224A  
-76.40 -14.35 27 0.71 0.10 -0.81 0.24 -0.76 0.36 24 X Y 201608081903A  
-82.64 4.92 21 -0.01 0.29 -0.27 0.38 0.17 2.25 23 X Y 201608091321A  
-43.47 10.90 25 0.07 -0.66 0.59 -0.64 1.40 -2.03 23 X Y 201608111016A  
-24.91 -59.36 57 2.00 1.36 -3.36 -1.16 0.42 1.35 23 X Y 201608111806A  
-69.35 -20.26 112 -3.48 -0.94 4.42 1.18 -2.45 0.31 23 X Y 201608141328A  
-71.67 -15.68 22 -0.60 2.66 -2.06 -0.18 0.51 0.42 24 X Y 201608150258A  
-68.97 -22.52 133 -0.41 -0.06 0.47 0.28 -1.19 0.12 24 X Y 201608160258A  
-71.21 -19.65 19 4.86 -0.22 -4.64 0.46 -5.11 1.41 23 X Y 201608161817A  
-82.03 7.70 15 0.04 -0.59 0.55 0.29 -0.45 2.67 23 X Y 201608171622A  
-21.80 -0.69 25 -0.02 0.28 -0.26 0.26 0.08 -0.99 24 X Y 201608181049A  
-31.41 -55.16 22 1.31 -0.87 -0.43 -0.85 1.04 0.80 27 X Y 201608190732A  
-31.92 -55.09 12 3.17 -2.22 -0.95 -2.32 3.80 2.89 24 X Y 201608191733A  
-31.97 -55.10 21 1.83 -1.62 -0.21 -1.43 1.55 1.21 24 X Y 201608192037A  
-31.13 -55.15 29 5.54 -4.05 -1.50 -0.60 0.48 1.50 23 X Y 201608192256A  
-31.15 -55.34 15 3.17 -2.01 -1.16 -3.35 2.14 1.37 23 X Y 201608200004A  
-31.94 -54.97 12 0.58 -0.48 -0.09 -0.61 0.43 0.45 24 X Y 201608200015A  
-31.05 -54.78 13 -0.67 0.82 -0.15 0.60 -0.07 -0.15 24 X Y 201608201117A  
-31.11 -54.83 12 -4.60 4.20 0.40 2.90 -0.84 -0.40 23 X Y 201608201127A  
-31.59 -55.23 23 1.12 -0.78 -0.34 -0.52 1.12 0.84 25 X Y 201608210345A  
-31.67 -54.94 20 0.67 -0.50 -0.17 -0.53 -0.06 0.32 24 X Y 201608210428A  
-30.80 -55.10 12 1.72 -1.20 -0.53 -2.11 1.34 1.55 23 X Y 201608220142A  
-31.64 -55.14 31 3.08 -2.60 -0.48 -1.51 2.34 2.38 23 X Y 201608220832A  
-29.94 -55.09 20 2.75 -3.35 0.60 -2.37 0.52 0.88 23 X Y 201608221020A  
-31.19 -55.10 21 3.12 -1.51 -1.60 -0.89 0.38 1.71 23 X Y 201608222043A  
-30.65 -55.27 18 3.33 -0.66 -2.68 0.20 -1.52 0.78 23 X Y 201608230252A  
-77.66 -45.77 22 -0.60 2.30 -1.70 0.30 -1.36 -3.54 23 X Y 201608231447A  
-15.95 -1.33 19 -1.76 0.12 1.64 -0.80 0.05 0.23 23 X Y 201608231747A  
-29.96 0.76 26 -0.31 1.50 -1.19 -2.07 0.74 -3.41 23 X Y 201608240427A  
-80.68 -0.92 31 1.64 -0.15 -1.50 -0.05 -1.68 -0.18 23 X Y 201608260425A  
-31.02 -54.95 14 2.15 -1.25 -0.90 -2.17 0.73 1.56 23 X Y 201608261035A  
-73.57 -10.69 144 -0.79 0.76 0.03 1.85 -0.38 -0.94 23 X Y 201608261101A  
-30.83 -55.27 22 2.91 -2.18 -0.72 -0.24 0.69 0.96 23 X Y 201608261158A  
-26.23 -56.37 45 3.18 -0.38 -2.79 0.01 1.40 1.52 23 X Y 201608270451A  
-31.19 -55.04 12 4.45 -2.85 -1.60 -5.76 3.98 3.43 23 X Y 201608281426A  
-17.72 0.13 27 -0.42 2.25 -1.83 0.86 -1.20 -5.13 26 X Y 201608290430A  
-4.66 -56.23 18 1.48 0.19 -1.67 -0.69 1.18 -2.29 23 X Y 201608292140A  
-72.67 -34.91 31 1.04 0.10 -1.14 -0.25 -1.34 -0.36 24 X Y 201608300809A  
-30.18 -55.38 12 0.91 -0.14 -0.77 -0.04 -0.25 -0.15 24 X Y 201608301546A  
-32.39 -60.68 18 -0.53 0.08 0.45 0.74 0.95 1.99 23 X Y 201608310038A  
-17.98 0.03 19 -0.23 0.82 -0.58 0.09 0.01 -2.06 23 X Y 201609010314A  
-30.70 -55.34 12 1.73 0.51 -2.24 0.22 -0.10 -0.59 24 X Y 201609020157A  
-30.69 -55.34 12 6.11 -1.03 -5.08 -0.63 0.20 0.30 23 X Y 201609020648A  
-16.83 0.23 12 -3.11 2.06 1.06 0.84 -1.19 -1.12 23 X Y 201609020840A  
-31.01 -55.23 17 2.72 -1.70 -1.02 -0.30 3.00 1.46 23 X Y 201609021357A  
-30.46 -55.11 18 2.69 -1.85 -0.84 -2.67 -0.05 -0.98 23 X Y 201609021638A  
-83.86 9.46 37 -0.47 -0.70 1.17 1.20 0.13 1.22 23 X Y 201609032206A  
-85.47 17.16 29 0.06 -0.51 0.45 -0.04 0.12 0.76 24 X Y 201609052010A  
-67.81 -21.28 171 -2.43 3.32 -0.89 -2.43 -2.76 1.08 23 X Y 201609060737A  
-69.25 -20.01 126 -1.00 0.24 0.76 0.46 -0.98 -0.49 24 X Y 201609072003A  
-68.60 -21.64 143 -0.24 -2.06 2.30 -1.02 -1.80 -1.22 23 X Y 201609080234A  
-65.86 -31.41 178 -1.85 0.22 1.63 -0.03 -1.64 -1.54 24 X Y 201609090003A  
-87.19 11.40 37 3.11 -2.41 -0.71 1.16 -0.69 1.62 23 X Y 201609100025A  
-77.06 -5.64 124 -1.46 -0.07 1.53 -0.50 0.72 -0.57 25 X Y 201609101008A  
-76.29 7.34 24 0.30 -0.84 0.54 -0.48 -0.53 -0.25 25 X Y 201609140158A  
-14.27 -0.91 12 -0.39 1.70 -1.31 0.10 0.23 -3.55 23 X Y 201609140918A  
-27.24 -56.31 116 1.23 1.11 -2.34 -2.55 0.14 1.73 23 X Y 201609141803A  
-30.95 2.78 13 -0.34 -0.06 0.40 0.17 -0.47 -1.15 23 X Y 201609150249A  
-86.68 12.51 12 -1.19 -3.42 4.62 0.27 -0.11 -1.87 24 X Y 201609150557A  
-28.05 1.08 16 -0.40 0.37 0.03 0.22 1.39 -2.17 23 X Y 201609160213A  
-30.52 -54.70 12 -4.94 4.81 0.14 0.87 -1.71 -0.73 23 X Y 201609161204A  
-89.08 12.74 47 3.87 -3.18 -0.69 0.56 -0.39 1.35 23 X Y 201609171627A  
-31.01 -55.17 16 1.34 1.05 -2.39 0.64 -4.24 -4.11 23 X Y 201609171800A  
-31.56 -55.02 17 2.37 -1.83 -0.55 -2.44 1.30 1.71 23 X Y 201609181432A  
-68.10 -23.65 129 -1.00 0.22 0.78 1.73 -1.49 -1.19 23 X Y 201609201324A  
-30.28 -54.80 12 -3.70 3.44 0.26 1.78 -0.24 0.44 23 X Y 201609210005A  
-31.92 -54.95 12 1.22 -1.68 0.46 -2.09 1.36 1.20 23 X Y 201609210038A  
-30.39 -54.75 12 -3.55 3.34 0.21 2.10 0.36 0.51 23 X Y 201609210719A  
-73.10 6.89 158 0.62 -1.93 1.31 -0.42 0.89 0.05 23 X Y 201609221042A  
-26.60 -59.51 12 1.88 -1.40 -0.48 -1.08 0.42 -0.23 24 X Y 201609221607A  
-31.36 -54.87 12 3.48 -2.69 -0.78 -5.24 -1.86 2.22 23 X Y 201609230335B  
-30.18 -54.72 28 -1.06 0.70 0.36 0.20 -0.23 0.19 24 X Y 201609240132A  
-30.90 -54.69 28 -4.57 3.37 1.20 1.72 1.04 -1.10 23 X Y 201609240750A  
-68.40 -21.55 126 -0.61 -0.17 0.78 -0.17 -0.13 0.10 24 X Y 201609242027A  
-80.95 -3.20 31 -0.76 2.84 -2.08 -0.39 0.51 -1.13 23 X Y 201609251824A  
-12.43 -6.81 20 -0.47 -2.54 3.00 0.76 0.20 4.21 23 X Y 201609280941A  
-86.67 12.45 12 -0.71 -1.14 1.85 0.14 0.11 -0.83 24 X Y 201609281648A  
-17.83 0.20 14 -0.07 1.67 -1.60 -0.27 0.04 -4.05 23 X Y 201609282212A  
-85.03 16.25 12 -2.36 3.25 -0.89 0.95 4.08 7.87 23 X Y 201609292023A  
-77.75 -1.80 185 -2.48 0.28 2.19 2.00 -2.24 -2.30 23 X Y 201609301645A  
-74.36 19.99 20 -1.28 -1.47 2.75 -0.45 -0.21 2.35 23 X Y 201609302306A  
-72.29 -29.79 30 3.99 -0.55 -3.44 0.01 -1.26 0.48 23 X Y 201610011025A  
-80.74 -8.53 22 2.37 -0.38 -1.99 -0.17 -2.36 0.43 23 X Y 201610022059A  
-89.20 -41.14 19 -0.83 0.98 -0.15 -0.17 0.02 -2.07 23 X Y 201610050958A  
-84.47 2.64 21 -0.12 0.72 -0.60 -0.01 0.19 1.68 23 X Y 201610051224A  
-74.89 -9.63 141 -2.10 -0.30 2.40 -0.65 -0.64 -0.45 23 X Y 201610051606A  
-85.74 -41.35 12 -3.07 0.73 2.33 -0.09 0.51 -0.64 23 X Y 201610051847A  
-34.33 7.30 15 -0.04 -0.17 0.21 0.19 -0.56 -4.41 24 X Y 201610052053A  
-11.73 -5.50 28 -2.39 0.25 2.14 0.65 1.47 -1.01 23 X Y 201610060025A  
-84.96 -41.42 19 -0.49 0.75 -0.26 0.26 0.16 -2.42 23 X Y 201610121617A  
-32.45 4.35 24 -2.55 0.33 2.22 0.32 -0.33 -0.19 23 X Y 201610141215A  
-80.49 -6.89 46 2.76 -0.13 -2.63 0.41 -1.72 0.64 23 X Y 201610161304A  
-47.41 -60.47 12 0.45 0.22 -0.67 0.19 0.47 1.50 24 X Y 201610180426A  
-61.46 15.38 146 -3.06 3.45 -0.39 -0.35 0.44 0.82 24 X Y 201610182208A  
-44.81 13.44 12 -4.50 -0.36 4.86 -0.41 -0.23 0.04 24 X Y 201610200009A  
-71.26 -26.76 30 4.90 -0.02 -4.88 1.13 -3.84 1.17 23 X Y 201610250718A  
-84.75 17.42 33 0.01 -0.74 0.74 0.23 0.05 2.56 23 X Y 201610250853A  
-32.67 4.19 21 -3.98 0.24 3.74 -1.21 1.25 -0.05 23 X Y 201610251622B  
-13.86 -11.67 17 0.15 -0.67 0.51 -0.40 0.03 1.38 24 X Y 201610261916A  
-15.44 -1.20 17 -0.20 1.26 -1.05 0.48 0.91 -2.87 24 X Y 201610270103A  
-72.75 -33.83 12 0.64 -0.00 -0.64 -0.17 -0.93 -0.12 25 X Y 201610272032A  
-4.67 -52.24 12 0.21 0.41 -0.62 0.04 -0.97 -2.07 23 X Y 201610280728A  
-25.00 -57.00 28 3.00 -0.69 -2.31 1.38 0.64 1.03 23 X Y 201610290040A  
-72.71 -33.96 14 3.88 -0.23 -3.64 -0.14 -4.80 -0.56 23 X Y 201610292201A  
-70.55 -25.21 51 -0.13 -0.49 0.61 0.16 0.73 -0.56 24 X Y 201610300449A  
-74.63 3.37 43 2.10 0.86 -2.96 -1.04 0.28 -0.40 24 X Y 201610310020A  
-74.51 3.36 43 1.96 2.48 -4.44 -1.74 -0.39 1.90 23 X Y 201610310205A  
-16.39 -40.30 14 -2.81 0.31 2.51 0.36 0.54 -0.12 23 X Y 201610310402A  
-68.68 -22.45 136 -0.77 -0.60 1.37 1.83 -4.26 1.06 23 X Y 201610310544A  
-72.68 -33.74 30 4.49 -0.41 -4.08 -0.58 -1.48 -0.75 23 X Y 201610311115A  
-15.14 -35.15 12 -4.26 -0.05 4.31 2.16 1.48 0.23 23 X Y 201611010827A  
-68.49 -22.46 141 -0.43 0.20 0.23 1.50 -2.96 0.25 23 X Y 201611020721A  
-88.17 12.08 27 -5.49 3.98 1.52 1.19 0.78 -3.29 23 X Y 201611030459A  
-69.49 -19.23 129 -1.37 0.27 1.10 0.25 -2.92 -0.30 23 X Y 201611031244A  
-70.98 -35.06 96 -2.27 -0.49 2.75 -1.74 -2.12 1.01 25 X Y 201611041620A  
-73.71 -36.66 20 0.63 0.02 -0.66 -0.03 -0.95 -0.06 25 X Y 201611080455A  
-63.10 -26.95 558 -0.49 -0.20 0.69 -0.48 0.38 -0.16 24 X Y 201611082330A  
-29.72 -59.90 25 -0.60 -2.31 2.91 1.85 2.65 2.41 23 X Y 201611100949A  
-74.53 -8.44 148 -0.61 -1.95 2.56 -1.32 -1.37 0.25 23 X Y 201611111453A  
-82.67 5.91 24 -0.21 -0.05 0.27 0.55 0.19 4.07 24 X Y 201611122008A  
-67.36 -28.24 147 -0.76 -0.35 1.11 -0.65 -0.19 0.49 24 X Y 201611130101A  
-14.15 -45.94 27 -3.49 1.92 1.56 0.53 0.92 -1.87 23 X Y 201611151349A  
-11.38 -6.14 15 -1.83 0.34 1.50 0.91 0.41 -0.53 23 X Y 201611152347B  
-26.87 -55.79 35 2.55 -1.01 -1.54 -1.73 2.54 2.27 23 X Y 201611171429A  
-57.05 -61.45 34 0.88 -2.52 1.64 -2.20 -1.44 -0.12 23 X Y 201611200058A  
-68.74 -31.66 119 -5.71 2.15 3.56 0.60 0.68 1.50 25 X Y 201611202057A  
-16.62 -35.43 25 -0.05 -1.62 1.67 -0.25 0.76 2.82 23 X Y 201611210949A  
-89.20 11.83 12 -3.01 2.02 0.99 -0.39 0.32 -1.64 26 X Y 201611241843A  
-32.22 3.95 12 -0.35 0.66 -0.31 0.70 -0.25 -7.83 23 X Y 201611260239A  
-68.88 -20.95 120 -0.83 -0.69 1.52 -1.42 1.04 -2.13 23 X Y 201611301314A  
-83.74 10.08 12 0.11 -0.89 0.78 -0.15 -0.12 0.45 24 X Y 201612010025A  
-70.93 -15.28 13 -2.36 0.66 1.70 0.16 -0.06 -1.42 25 X Y 201612012240A  
-70.72 -15.36 28 -2.77 1.07 1.70 -0.41 -1.51 -2.22 23 X Y 201612020304A  
-66.76 -23.32 220 -1.44 -3.20 4.64 -0.55 -4.21 -0.32 23 X Y 201612051806A  
-77.34 4.77 31 -2.65 3.44 -0.79 0.75 -0.88 -0.59 23 X Y 201612060451A  
-60.83 11.25 32 -0.01 -0.31 0.32 0.18 0.46 0.84 25 X Y 201612062142A  
-89.08 11.83 21 -4.66 3.53 1.13 -2.09 0.03 -2.61 23 X Y 201612091006A  
-19.78 -0.37 22 -0.66 3.11 -2.45 0.98 -1.75 -7.92 23 X Y 201612111655A  
-71.62 -31.03 52 3.69 0.17 -3.86 0.49 -0.96 0.01 23 X Y 201612120140A  
-68.11 -31.31 22 2.98 0.55 -3.53 1.77 0.36 1.59 23 X Y 201612120256A  
-80.01 0.84 12 3.94 -0.64 -3.30 -0.01 -3.79 -0.73 23 X Y 201612121553A  
-72.06 -30.57 36 6.17 -0.59 -5.58 0.71 -3.25 2.30 23 X Y 201612162311A  
-79.01 -10.79 15 2.87 -0.72 -2.15 1.17 -6.09 0.73 23 X Y 201612170723A  
-70.98 -10.02 638 -3.68 0.74 2.95 -1.38 4.30 -0.52 25 X Y 201612181330A  
-79.80 0.93 12 1.40 -0.77 -0.63 -1.33 -0.31 -0.60 24 X Y 201612190711A  
-71.27 -30.80 44 3.79 0.58 -4.37 0.30 -1.04 0.77 23 X Y 201612191536A  
-84.50 2.27 17 -0.38 1.02 -0.63 0.11 -0.08 3.26 23 X Y 201612191654A  
-80.07 0.66 15 0.23 -0.08 -0.15 0.75 -0.80 -0.12 24 X Y 201612201049A  
-79.98 0.90 12 2.71 -0.64 -2.06 -1.13 -1.75 -0.63 23 X Y 201612201739A  
-75.24 -13.85 133 -1.95 2.46 -0.52 0.40 0.94 -3.88 23 X Y 201612211118A  
-74.43 -43.41 33 1.75 -0.03 -1.73 0.11 -2.24 -0.03 27 X Y 201612251422A  
-25.68 -61.06 17 -0.08 1.10 -1.03 -0.22 0.03 0.41 24 X Y 201612271804A  
-76.46 -4.95 120 -0.83 -0.08 0.91 -0.18 0.24 -0.25 25 X Y 201701021313A  
-70.67 -19.91 48 1.41 -5.39 3.98 1.89 -3.22 -2.71 23 X Y 201701031341A  
-74.63 -43.33 24 1.13 0.08 -1.21 0.11 -1.26 0.63 24 X Y 201701032119A  
-36.46 7.61 14 -1.46 0.20 1.26 0.18 -0.49 -0.16 23 X Y 201701040937A  
-71.64 -30.51 32 3.33 -0.28 -3.05 -1.61 0.72 1.33 23 X Y 201701041324A  
-12.62 -22.41 12 0.38 -3.85 3.47 -1.43 -0.41 7.26 23 X Y 201701050323A  
-67.88 -22.30 175 0.03 -0.57 0.54 2.63 -4.50 -0.47 24 X Y 201701060630A  
-13.54 -17.72 12 -0.38 1.08 -0.70 1.48 0.04 -2.26 23 X Y 201701062039A  
-78.31 -11.31 30 2.79 -1.21 -1.57 0.68 1.02 1.47 23 X Y 201701062255A  
-72.42 -30.23 21 3.00 -0.35 -2.64 -0.17 -2.64 0.55 23 X Y 201701080033A  
-66.95 -23.99 212 -0.98 -4.59 5.57 -1.19 -6.24 -1.23 23 X Y 201701080104A  
-26.69 1.03 13 -0.47 0.66 -0.19 1.36 0.32 -2.38 23 X Y 201701081621A  
-80.27 0.69 27 2.44 0.24 -2.68 -0.49 -2.99 -0.33 23 X Y 201701110236A  
-69.91 -22.79 77 -3.76 -1.21 4.98 -1.77 -0.94 1.58 24 X Y 201701112158A  
-77.97 6.08 18 -0.72 0.67 0.05 -0.31 0.20 -0.16 24 X Y 201701121606A  
-25.82 -59.28 110 -0.70 2.07 -1.38 0.77 2.03 -2.49 23 X Y 201701131314A  
-76.60 19.94 12 5.40 -4.53 -0.87 4.45 -1.93 1.81 24 X Y 201701170908A  
-13.65 -17.84 17 -2.53 1.09 1.45 0.36 -0.52 -2.02 23 X Y 201701191653A  
-13.52 -7.91 14 -1.63 0.05 1.58 0.51 0.59 -0.24 23 X Y 201701260311A  
-70.55 -19.87 68 3.44 0.49 -3.93 0.88 -1.37 1.27 23 X Y 201701280127A  
-79.37 -9.20 61 -1.13 -0.07 1.20 -0.00 0.19 -0.31 24 X Y 201701280642A  
-64.73 -58.13 21 0.49 0.07 -0.56 0.66 0.54 0.66 24 X Y 201701291738A  
-83.55 -42.57 28 -3.53 0.60 2.92 0.75 -0.77 -0.77 23 X Y 201701301645B  
-79.85 0.64 23 0.89 0.16 -1.04 0.28 -1.36 -0.23 24 X Y 201701311422A  
-69.51 -33.07 20 -0.54 1.57 -1.04 0.96 0.52 -0.22 24 X Y 201702030052A  
-60.35 15.16 50 4.54 -0.42 -4.12 -1.29 2.24 1.73 24 X Y 201702031954A  
-69.19 -20.97 112 -0.60 0.40 0.20 0.51 -2.11 0.23 23 X Y 201702060803A  
-74.67 3.38 50 1.77 0.12 -1.89 -0.40 0.53 -0.77 24 X Y 201702061302A  
-84.01 -41.73 12 -0.66 -0.02 0.68 0.36 -0.14 -0.19 24 X Y 201702081344A  
-74.15 -15.04 111 -2.28 -1.54 3.81 -1.17 -0.15 -2.51 23 X Y 201702090050A  
-12.91 -17.78 12 -0.78 0.04 0.73 0.20 0.04 -0.09 24 X Y 201702100258A  
-26.60 -56.45 71 -0.11 3.86 -3.75 -1.27 0.90 3.32 23 X Y 201702120401A  
-73.13 12.32 27 0.39 -0.31 -0.08 -0.86 -0.14 -0.28 24 X Y 201702120932A  
-71.58 -28.01 33 3.95 0.45 -4.41 0.73 -3.25 0.40 23 X Y 201702121621A  
-66.86 -23.89 225 -0.73 -0.15 0.88 0.26 -1.07 0.29 24 X Y 201702140938A  
-28.24 0.99 22 -0.33 0.37 -0.05 0.20 0.55 -2.29 23 X Y 201702150134A  
-13.62 -17.83 12 -3.67 0.23 3.44 -0.88 -0.55 -1.66 23 X Y 201702160538A  
-72.35 -30.26 14 0.90 0.00 -0.90 0.02 -0.67 0.02 24 X Y 201702160702A  
-66.87 -23.87 221 -0.82 -0.36 1.19 -0.36 -4.59 0.12 25 X Y 201702181210A  
-74.98 -5.31 24 5.55 0.02 -5.57 -0.21 0.95 -0.30 23 X Y 201702200745A  
-13.75 -32.21 28 -0.46 -1.44 1.90 -0.03 -0.16 2.18 23 X Y 201702211308A  
-63.79 -19.27 606 -3.18 -0.78 3.96 -2.34 5.52 0.03 25 X Y 201702211409A  
-51.03 -60.78 12 -2.36 0.57 1.78 -0.57 -2.08 0.51 23 X Y 201702220825A  
-15.69 -44.66 12 -0.79 0.21 0.57 0.13 0.16 -0.33 24 X Y 201702222325A  
-71.46 -15.77 176 -0.00 -2.05 2.05 1.56 -1.26 -2.77 23 X Y 201702240312A  
-30.41 -55.41 12 2.78 -3.16 0.38 -1.33 5.37 2.29 23 X Y 201702240559A  
-87.96 12.34 52 -2.68 1.37 1.31 0.79 -0.33 -0.95 23 X Y 201702241341A  
-69.27 -19.41 131 -0.68 -0.03 0.71 -0.11 -0.30 -0.27 24 X Y 201702250231A  
-67.98 -29.06 116 -1.72 0.55 1.17 -0.62 -0.45 -1.54 23 X Y 201702251400A  
-71.74 -28.89 37 5.25 0.23 -5.48 1.03 -3.23 -0.47 23 X Y 201702260859A  
-9.78 -48.42 12 -6.89 0.54 6.35 0.38 -1.00 -1.78 23 X Y 201702280350A  
-81.33 -44.98 21 -0.16 1.09 -0.93 0.45 -0.07 -2.85 24 X Y 201702281735A  
-17.42 -59.26 17 -0.29 -1.90 2.19 2.17 -0.47 4.75 23 X Y 201703042011A  
-15.64 -1.30 12 -0.32 1.28 -0.97 -0.45 1.52 -2.01 23 X Y 201703050719A  
-72.14 -30.63 20 5.26 -0.02 -5.24 0.18 -4.58 -0.03 23 X Y 201703100622A  
-69.73 12.06 20 -0.80 0.16 0.64 -0.09 0.10 -0.38 24 X Y 201703101346A  
-71.50 -30.52 48 5.96 0.13 -6.09 0.51 -2.50 0.49 23 X Y 201703131505A  
-2.26 -54.01 20 -2.76 1.11 1.65 2.47 -0.37 -1.08 23 X Y 201703141938A  
-2.16 -54.21 13 -4.52 2.25 2.26 -0.34 -1.59 -2.17 23 X Y 201703142316A  
-67.07 -24.24 205 -6.22 0.30 5.92 0.59 -1.97 1.73 23 X Y 201703160808A  
-82.69 4.73 35 0.11 -0.23 0.12 0.08 0.44 3.91 23 X Y 201703161939A  
-86.43 10.35 29 2.04 -1.84 -0.20 0.82 -1.42 1.52 23 X Y 201703171032A  
-27.47 -59.72 194 -3.33 -1.84 5.17 -3.60 0.83 -1.06 23 X Y 201703180031A  
-17.31 -59.25 13 -0.47 -0.85 1.32 1.24 -0.14 3.46 23 X Y 201703180313A  
-66.35 -27.20 187 -1.32 1.58 -0.25 0.59 2.72 -3.19 23 X Y 201703200817A  
-81.29 -3.70 37 2.64 0.62 -3.26 0.09 -2.16 -0.58 23 X Y 201703210429A  
-77.61 6.22 15 1.78 -0.20 -1.58 0.80 -4.03 0.76 23 X Y 201703210831A  
-68.70 -21.68 145 0.46 1.11 -1.57 -0.82 -3.43 0.87 23 X Y 201703211501A  
-79.59 3.31 12 -0.65 0.60 0.05 0.46 0.23 -0.01 24 X Y 201703240900A  
-69.01 -19.68 120 -2.12 0.54 1.58 0.53 -1.63 -1.49 23 X Y 201703250659A  
-71.79 -36.34 103 -0.53 -2.06 2.59 1.16 -3.37 2.31 23 X Y 201703270303A  
-17.36 -59.21 14 -0.00 -0.46 0.46 0.14 -0.02 1.37 24 X Y 201703271048B  
-75.82 -3.26 135 -0.92 0.74 0.17 0.28 -1.33 0.74 23 X Y 201703281115A  
-82.68 5.28 22 0.11 0.10 -0.20 0.24 0.04 1.36 24 X Y 201703290349A  
-86.76 11.97 97 0.85 0.96 -1.81 1.28 -2.49 -2.07 23 X Y 201703291659A  
-12.63 -22.44 12 -0.04 -0.41 0.45 -0.02 0.06 0.90 24 X Y 201703292256A  
-26.94 -55.78 12 0.11 0.20 -0.31 -0.50 1.10 0.25 24 X Y 201703301313A  
-27.78 -55.36 19 2.71 -1.82 -0.90 0.87 2.02 1.62 23 X Y 201703302158A  
-71.61 -30.83 42 0.86 -0.04 -0.83 0.12 -0.49 0.07 24 X Y 201703311844A  
-81.47 -7.15 12 0.50 -0.06 -0.44 -0.15 -1.19 0.30 24 X Y 201704020138A  
-82.48 8.99 16 -0.28 -0.15 0.42 -0.54 0.01 1.06 24 X Y 201704022354A  
-29.81 -55.73 12 -1.06 -0.52 1.58 0.32 0.68 0.60 24 X Y 201704041353A  
-48.50 -53.29 28 -2.81 0.61 2.20 -0.84 1.56 2.92 23 X Y 201704042123A  
-72.78 -17.71 19 0.38 -0.07 -0.31 0.13 -1.07 0.25 24 X Y 201704061715A  
-85.36 1.23 28 -0.42 0.52 -0.10 -0.07 0.07 1.91 23 X Y 201704082253A  
-82.59 5.69 21 -0.07 0.68 -0.62 0.09 0.04 0.75 24 X Y 201704090309A  
-89.36 13.78 12 -0.23 -1.26 1.49 -0.31 0.17 -1.40 23 X Y 201704102353A  
-70.22 -27.71 87 0.86 -1.06 0.20 0.26 3.69 -3.82 23 X Y 201704111339A  
-15.03 -12.23 12 -1.77 1.11 0.66 0.66 -0.51 -0.62 23 X Y 201704130258A  
-71.70 -31.15 46 1.20 0.08 -1.28 0.51 -0.33 0.59 24 X Y 201704130342A  
-11.48 -5.32 12 -2.55 0.01 2.54 -0.51 -0.73 0.05 23 X Y 201704132111A  
-14.84 -12.25 12 1.10 -2.26 1.17 0.05 -6.27 6.49 23 X Y 201704140529A  
-68.84 -22.54 134 -0.44 -0.05 0.49 0.45 -0.92 0.06 24 X Y 201704141803A  
-67.92 -23.20 164 -0.95 -0.44 1.40 0.43 -2.77 -1.02 25 X Y 201704150819A  
-61.11 17.49 12 1.17 0.24 -1.41 -2.51 3.31 0.75 24 X Y 201704170523A  
-60.81 17.55 27 -2.95 2.06 0.89 0.23 -1.62 -2.29 23 X Y 201704170625A  
-68.40 -21.67 141 -4.08 0.58 3.50 0.02 -1.34 -2.76 23 X Y 201704180148A  
-75.37 -2.77 22 0.95 0.01 -0.95 -0.16 -0.10 -0.30 25 X Y 201704181749A  
-85.37 1.10 17 0.06 0.46 -0.52 -0.00 0.30 1.99 24 X Y 201704201132A  
-67.43 -27.54 160 -0.72 0.13 0.59 0.31 -0.54 -0.52 24 X Y 201704202124A  
-85.44 0.78 12 0.01 0.34 -0.35 -0.04 0.22 1.27 24 X Y 201704211658A  
-72.26 -33.02 29 3.76 -0.04 -3.72 -0.56 -3.32 -0.29 23 X Y 201704222246A  
-72.04 -33.06 23 0.79 0.03 -0.81 -0.06 -0.82 -0.04 25 X Y 201704230236A  
-72.17 -33.16 22 2.06 -0.05 -2.01 0.05 -1.83 0.14 24 X Y 201704231940A  
-72.07 -33.13 26 1.30 0.04 -1.33 0.06 -2.03 -0.02 26 X Y 201704242138A  
-72.31 -33.35 31 1.53 -0.17 -1.37 0.19 -1.39 -0.18 24 X Y 201704250143A  
-69.44 -19.69 126 -0.29 -0.02 0.31 0.53 -1.20 -0.06 24 X Y 201704261812A  
-71.89 -33.32 25 4.34 0.07 -4.42 -0.24 -7.07 0.36 23 X Y 201704270509A  
-30.07 -55.89 12 -3.35 -0.44 3.80 0.82 1.51 1.28 23 X Y 201704271234A  
-30.00 -55.85 12 -3.17 -1.34 4.51 1.31 0.36 2.45 23 X Y 201704271335A  
-72.03 -33.30 23 0.60 0.01 -0.60 0.13 -0.70 0.05 25 X Y 201704281530A  
-72.06 -33.35 24 1.34 -0.04 -1.29 0.64 -1.82 0.36 24 X Y 201704281558A  
-71.83 -33.30 31 0.58 -0.03 -0.55 0.08 -0.77 0.18 25 X Y 201704281605A  
-72.00 -33.27 24 1.20 0.00 -1.20 -0.13 -1.63 -0.10 24 X Y 201704281741A  
-72.08 -33.42 32 1.81 -0.53 -1.28 0.00 -0.67 -0.06 24 X Y 201704290146A  
-87.11 11.00 26 1.82 -0.99 -0.83 0.82 -0.64 0.59 23 X Y 201704291758A  
-71.17 -19.96 22 4.43 -0.40 -4.04 0.91 -3.03 1.17 23 X Y 201704300936A  
-71.84 -15.74 12 -2.33 2.74 -0.41 -2.00 2.01 -1.26 23 X Y 201704301329A  
-71.94 -15.80 22 -1.47 2.06 -0.59 -0.94 1.10 -0.53 23 X Y 201704301735A  
-17.53 0.24 12 -0.49 1.71 -1.22 1.37 -0.89 -3.64 23 X Y 201705011108A  
-14.53 -34.23 15 0.09 -1.38 1.29 -0.60 1.16 2.52 23 X Y 201705011904A  
-13.97 -11.63 12 0.10 -0.49 0.39 -0.18 0.05 0.93 25 X Y 201705021510A  
-73.39 -16.25 67 -4.25 2.45 1.80 -5.64 2.42 -1.90 23 X Y 201705031242A  
-26.34 -55.98 31 2.87 -0.32 -2.56 0.45 2.31 1.56 23 X Y 201705031724A  
-74.42 -8.56 156 -0.22 0.47 -0.25 0.45 -1.01 -0.22 24 X Y 201705040228A  
-37.81 -61.04 23 -1.43 0.67 0.76 2.20 1.98 8.37 24 X Y 201705060016A  
-78.83 -44.52 14 -0.00 0.59 -0.59 0.15 -0.38 -1.15 24 X Y 201705061451A  
-73.74 -17.05 28 4.72 -1.44 -3.28 2.38 -3.51 3.28 23 X Y 201705061952A  
-76.68 -8.11 16 0.25 0.02 -0.27 -0.17 1.66 0.24 24 X Y 201705080808A  
-29.29 -55.25 21 2.83 -3.83 1.01 0.48 2.61 2.94 23 X Y 201705080901A  
-11.84 -47.57 17 -1.28 3.60 -2.32 -0.11 -0.95 -4.93 23 X Y 201705090141A  
-25.51 -56.43 19 4.84 -0.45 -4.39 -1.44 3.03 1.83 25 X Y 201705102323A  
-25.49 -56.43 23 5.04 -1.80 -3.25 -0.52 0.72 1.73 24 X Y 201705110109A  
-25.36 -56.57 27 3.19 -0.83 -2.36 0.96 1.20 0.60 23 X Y 201705110933A  
-25.26 -56.57 19 3.25 -0.32 -2.94 -0.67 1.92 1.41 24 X Y 201705111541A  
-25.29 -56.67 16 1.24 -0.03 -1.21 0.13 1.17 0.55 24 X Y 201705111557A  
-25.26 -56.68 19 3.68 -0.28 -3.40 0.32 1.48 1.44 23 X Y 201705120521A  
-72.12 -32.90 28 0.61 0.03 -0.63 -0.09 -0.73 -0.04 24 X Y 201705131654A  
-71.52 -18.35 37 2.55 -0.07 -2.47 0.27 -1.68 0.62 23 X Y 201705140533A  
-68.71 -20.92 132 0.31 -4.05 3.75 0.27 -2.33 1.85 24 X Y 201705141944A  
-12.45 -2.04 12 -7.08 2.34 4.74 2.79 0.04 -3.34 23 X Y 201705142211A  
-23.38 -60.26 19 -4.29 1.31 2.98 2.26 -1.16 1.44 23 X Y 201705150822A  
-25.12 -56.25 28 3.40 -0.02 -3.39 -2.41 0.41 1.34 23 X Y 201705151702A  
-25.04 -56.45 13 0.80 -0.07 -0.73 -0.25 0.90 0.50 24 X Y 201705152112A  
-25.17 -56.49 28 4.84 -1.77 -3.07 -1.04 0.54 1.06 23 X Y 201705161442A  
-73.33 -14.56 22 -1.00 1.66 -0.66 -0.12 -0.50 -0.37 24 X Y 201705161709A  
-67.30 -32.78 182 -2.54 -0.14 2.69 -1.66 -0.76 -0.18 23 X Y 201705182345A  
-76.26 -45.88 15 -0.13 0.47 -0.34 0.17 -0.48 -0.74 24 X Y 201705270738A  
-14.30 -16.29 20 -1.86 0.43 1.43 1.59 -0.24 0.44 23 X Y 201705271204A  
-13.73 -0.80 21 -0.56 0.84 -0.28 0.12 0.26 -1.42 23 X Y 201705271711A  
-68.40 -21.23 117 -0.50 0.61 -0.11 1.30 -0.14 -1.35 23 X Y 201705281847A  
-32.58 4.09 13 -1.86 0.25 1.61 -0.07 -0.15 -0.17 23 X Y 201705290857A  
-71.87 -37.38 98 -0.33 0.19 0.14 -0.09 -0.74 0.54 25 X Y 201705291457A  
-25.56 -58.93 93 1.71 -1.10 -0.61 -0.50 -3.07 -1.93 24 X Y 201705301129A  
-68.65 -22.67 136 -1.76 0.25 1.51 -0.28 -1.97 0.01 23 X Y 201705311738A  
-68.72 -21.79 133 -2.34 -1.98 4.32 -0.58 -4.12 -1.43 23 X Y 201706032221A  
-80.66 -4.23 52 3.13 0.20 -3.34 1.04 0.38 0.34 24 X Y 201706051134A  
-68.84 -22.74 123 -0.39 -0.69 1.08 -0.29 -0.52 -0.81 24 X Y 201706061735A  
-11.24 -6.39 12 -3.11 0.67 2.44 1.32 0.28 -0.77 23 X Y 201706070038A  
-13.72 -26.45 21 -7.34 1.27 6.07 -0.60 0.94 -1.48 23 X Y 201706080606A  
-75.74 -7.99 137 -0.81 -0.12 0.93 -0.23 0.39 -0.02 24 X Y 201706081401A  
-13.23 -47.62 12 -0.99 0.16 0.83 0.17 -0.24 -0.34 24 X Y 201706101057A  
-13.54 -26.01 35 -0.12 -2.38 2.50 -0.13 -1.74 3.63 23 X Y 201706102200A  
-11.71 -6.66 12 0.16 -1.61 1.45 1.18 -0.16 3.19 23 X Y 201706111629A  
-71.87 -31.49 34 3.83 0.37 -4.19 0.44 -3.20 0.05 24 X Y 201706120243A  
-66.39 -21.42 243 -1.77 5.35 -3.58 0.26 2.12 0.92 23 X Y 201706150954A  
-86.99 11.09 37 2.18 -1.49 -0.69 1.00 -0.75 1.34 24 X Y 201706171347A  
-26.34 -56.24 47 2.73 0.09 -2.82 0.63 1.90 2.16 23 X Y 201706201254A  
-27.16 -56.14 91 2.89 -0.20 -2.69 -3.51 -0.82 3.35 23 X Y 201706201302A  
-16.54 -41.21 12 -1.96 0.36 1.61 -1.72 -1.12 -0.29 23 X Y 201706201328A  
-82.41 6.51 23 -0.27 0.53 -0.25 0.49 -0.05 1.51 23 X Y 201706230402A  
-71.87 -39.47 129 3.04 -3.91 0.87 1.10 -1.26 1.04 23 X Y 201706231000A  
-82.40 6.54 23 0.11 1.69 -1.80 0.81 0.34 6.90 23 X Y 201706240048A  
-73.42 -15.58 109 -3.21 -2.95 6.15 2.70 -0.59 2.61 24 X Y 201706241609A  
-71.66 -42.09 12 3.63 -0.55 -3.08 -4.04 4.65 1.14 23 X Y 201706252208A  
-71.53 -30.77 55 5.27 1.11 -6.38 0.81 -3.67 0.54 23 X Y 201706261444A  
-80.73 -0.36 14 0.71 0.03 -0.74 0.00 -1.06 -0.13 25 X Y 201706302229A  
-26.84 0.98 14 -0.48 0.95 -0.47 -0.03 -0.04 -2.58 23 X Y 201707020507A  
-68.86 -21.94 130 0.01 0.03 -0.04 -0.10 -1.01 0.43 24 X Y 201707021552A  
-73.56 -35.59 12 4.36 0.12 -4.47 -0.92 -5.92 -1.54 24 X Y 201707041605A  
-72.54 -33.65 32 4.75 -0.67 -4.08 -0.10 -3.17 -0.74 23 X Y 201707070304A  
-27.32 -56.18 76 0.73 -0.07 -0.66 -1.21 -1.06 2.09 24 X Y 201707090557A  
-13.35 -11.54 14 0.13 -0.46 0.33 -0.16 -0.13 0.82 24 X Y 201707090642A  
-13.54 -7.45 12 -5.02 0.23 4.79 -0.68 -0.45 0.22 23 X Y 201707102137A  
-84.43 -41.66 20 -3.62 0.96 2.66 -0.38 0.35 -0.67 23 X Y 201707110144A  
-79.90 0.67 24 0.98 0.16 -1.14 0.20 -1.36 -0.24 24 X Y 201707111209A  
-49.09 -60.52 13 -0.42 0.83 -0.41 1.07 1.88 6.45 23 X Y 201707112238A  
-73.34 -35.50 12 0.94 0.04 -0.98 -0.11 -1.73 -0.30 24 X Y 201707120908A  
-89.90 13.21 48 3.34 -2.79 -0.55 0.37 -0.59 1.51 23 X Y 201707121008A  
-69.12 -28.89 112 -1.93 0.61 1.32 -0.36 0.97 0.93 23 X Y 201707131526A  
-72.70 -33.80 14 0.94 -0.07 -0.86 -0.17 -1.15 -0.19 24 X Y 201707141200A  
-73.65 -16.70 66 2.89 -6.11 3.22 2.43 -0.98 1.53 25 X Y 201707180205A  
-88.73 -41.41 19 -0.56 1.35 -0.79 -1.12 0.12 -2.93 23 X Y 201707181651A  
-69.19 -23.92 109 -0.58 0.01 0.57 0.33 0.11 -0.75 24 X Y 201707192322A  
-25.53 0.89 19 -0.58 0.81 -0.23 0.97 0.52 -1.88 23 X Y 201707201324A  
-74.38 -15.89 53 -2.09 0.30 1.79 0.70 -1.22 1.62 23 X Y 201707211522A  
-28.27 -55.96 76 0.84 -3.33 2.49 -1.27 -1.93 1.80 23 X Y 201707212209A  
-69.25 -21.37 56 -3.83 6.21 -2.37 -5.43 -1.83 -1.74 23 X Y 201707220629A  
-11.29 -6.18 18 -2.06 0.23 1.83 1.28 -0.19 -0.44 23 X Y 201707240455A  
-11.90 -47.36 23 -0.72 1.84 -1.13 -0.49 -1.07 -2.89 23 X Y 201707241833A  
-30.49 1.44 13 -1.39 -0.05 1.44 1.61 -0.01 -0.31 23 X Y 201707252347A  
-69.65 -23.89 89 -3.34 0.02 3.32 0.25 -1.09 -0.12 23 X Y 201707261011A  
-49.39 13.42 29 -0.75 1.05 -0.30 -0.09 0.55 0.37 25 X Y 201707271753A  
-86.38 -41.34 18 -0.18 0.97 -0.79 -0.88 0.11 -4.84 23 X Y 201707291724A  
-30.85 -54.99 30 3.53 -1.59 -1.94 -4.00 1.11 3.01 23 X Y 201707312131A  
-4.06 -52.96 19 0.11 -0.87 0.76 0.00 -0.39 0.19 24 X Y 201708010423A  
-69.04 -28.68 119 -2.23 0.52 1.72 -1.10 1.53 -1.58 24 X Y 201708010613A  
-49.37 13.38 31 -0.19 -0.49 0.68 -0.31 -0.01 0.64 24 X Y 201708020016A  
-70.58 -33.17 96 -0.88 0.22 0.66 -0.54 -0.48 1.06 24 X Y 201708020715A  
-3.67 -53.54 12 -1.12 0.36 0.76 0.33 -0.53 -0.51 24 X Y 201708021616A  
-71.28 -28.61 24 -0.28 0.08 0.21 0.97 2.23 0.22 24 X Y 201708022003A  
-77.94 -10.48 29 -1.41 0.75 0.65 -1.96 2.34 -0.14 23 X Y 201708032317A  
-12.00 -5.69 14 2.28 -4.38 2.10 1.06 4.41 0.11 23 X Y 201708061956A  
-86.15 9.43 12 -2.79 1.51 1.29 -0.39 -0.18 -1.18 23 X Y 201708071047A  
-72.18 6.54 15 -1.04 1.82 -0.77 -0.45 0.63 1.22 23 X Y 201708082043A  
-13.60 -24.96 15 -0.16 -0.61 0.78 0.11 0.31 1.35 24 X Y 201708100951A  
-73.85 -16.46 51 2.42 0.27 -2.69 -0.00 -1.42 1.48 24 X Y 201708112145A  
-67.43 -28.05 146 -4.35 -0.71 5.06 -0.71 -0.07 -0.71 23 X Y 201708112357A  
-30.00 -55.60 12 -0.68 -0.06 0.75 -0.11 0.21 -0.05 24 X Y 201708121014A  
-72.26 -30.39 13 3.25 -0.09 -3.16 -0.63 -2.81 -0.44 24 X Y 201708121254A  
-71.28 -19.95 19 5.35 0.01 -5.36 0.48 -5.15 1.42 23 X Y 201708121559A  
-74.64 -10.72 39 0.49 4.59 -5.08 -2.09 -3.09 0.19 24 X Y 201708131651A  
-82.37 -44.02 24 -7.60 1.91 5.70 -0.03 -0.33 -1.31 23 X Y 201708150224A  
-72.25 -30.06 18 5.03 -0.07 -4.95 -0.71 -3.27 0.09 23 X Y 201708151903A  
-32.62 4.29 19 -2.49 0.49 1.99 0.56 0.81 -0.13 23 X Y 201708160832A  
-13.47 -24.97 21 -0.28 -1.85 2.13 -0.11 -0.26 2.63 23 X Y 201708161946A  
-12.35 -5.54 12 5.37 -5.46 0.09 -2.22 2.47 -0.26 23 X Y 201708170852A  
-14.15 -0.87 22 -0.12 0.52 -0.40 0.10 0.20 -0.97 26 X Y 201708180259A  
-14.55 -0.98 23 -0.28 1.22 -0.93 -0.26 0.74 -1.93 23 X Y 201708181535A  
-66.28 19.09 40 1.73 -1.85 0.12 -0.36 1.59 1.72 23 X Y 201708182013A  
-77.44 -45.70 24 1.42 1.52 -2.94 0.28 -2.10 -3.87 23 X Y 201708182031A  
-29.33 -55.78 12 -2.77 1.34 1.43 0.28 0.78 0.90 23 X Y 201708190733A  
-86.79 12.46 178 1.01 0.22 -1.23 0.98 -1.35 0.06 23 X Y 201708201539A  
-75.50 -13.97 86 -0.34 4.47 -4.13 -2.00 1.62 -1.28 23 X Y 201708201742A  
-15.83 -44.81 14 -2.08 0.94 1.13 -1.09 0.65 -0.75 23 X Y 201708250424A  
-8.50 -49.18 27 -0.01 1.95 -1.95 -0.58 -0.15 -2.60 23 X Y 201708250431A  
-82.62 6.15 24 2.26 -1.40 -0.86 1.96 0.03 8.34 23 X Y 201708260812A  
-4.72 -56.78 22 -2.48 0.28 2.20 -1.60 -0.16 1.03 23 X Y 201708261108A  
-83.92 8.98 22 2.71 -2.57 -0.14 0.60 -0.22 0.67 23 X Y 201708271038A  
-29.31 0.84 25 -0.31 0.47 -0.16 -0.01 0.44 -2.52 23 X Y 201708272349A  
-26.49 -59.63 12 6.56 -4.12 -2.44 -1.86 2.46 -1.26 23 X Y 201708291647A  
-73.75 -37.40 29 3.20 0.00 -3.20 -0.13 -3.59 -0.37 23 X Y 201708300315A  
-25.22 -59.67 38 3.62 0.84 -4.46 -0.78 1.30 -1.50 23 X Y 201708300953A  
-62.69 10.80 109 1.75 -0.01 -1.73 1.58 1.29 -0.60 23 X Y 201708311547A  
-85.74 9.87 28 1.24 -0.95 -0.29 0.96 -0.73 0.67 24 X Y 201709010742A  
-84.89 9.57 24 3.10 -2.20 -0.90 1.27 -1.63 1.69 23 X Y 201709021038A  
-88.23 11.78 18 3.38 -2.71 -0.67 2.09 -2.44 1.20 23 X Y 201709030321A  
-24.84 -57.91 39 1.42 0.08 -1.50 -0.08 0.56 0.31 25 X Y 201709040807A  
-85.52 -41.46 14 -1.68 0.62 1.07 0.08 -0.74 -0.65 23 X Y 201709042058A  
-70.22 -19.23 105 -0.52 -0.43 0.95 -0.12 -0.30 -0.28 24 X Y 201709042155A  
-24.82 -57.91 39 2.77 1.26 -4.03 1.34 1.39 -0.31 23 X Y 201709061345A  
-29.03 1.03 24 -0.25 0.36 -0.11 0.17 -0.62 -1.71 23 X Y 201709070400A  
-66.29 -22.49 258 0.04 0.04 -0.08 0.04 -1.07 -0.05 24 X Y 201709091203A  
-83.08 -42.99 18 -0.56 0.96 -0.40 0.12 0.40 -3.54 23 X Y 201709150526A  
-28.17 -55.38 15 1.22 -0.82 -0.41 -0.51 1.81 1.37 24 X Y 201709151848A  
-78.24 -1.52 177 -1.31 1.24 0.07 1.20 -1.35 -0.67 23 X Y 201709160421A  
-14.00 -17.56 12 -3.59 1.95 1.64 0.68 -0.19 -1.85 23 X Y 201709162314A  
-12.67 -18.52 12 -1.83 0.40 1.43 0.23 -0.26 -0.69 24 X Y 201709180528A  
-72.15 -31.91 22 3.84 0.01 -3.85 0.09 -3.69 0.42 24 X Y 201709181346A  
-4.14 -52.97 15 0.25 -2.22 1.97 0.16 -0.38 -0.26 23 X Y 201709182057A  
-71.45 -16.43 133 -1.13 0.15 0.98 -0.08 -0.16 -0.71 24 X Y 201709200526A  
-11.42 -6.15 12 -2.88 0.41 2.47 0.98 0.75 -0.65 23 X Y 201709220434B  
-69.04 -30.74 130 0.41 4.37 -4.78 1.98 -1.95 0.09 23 X Y 201709231725A  
-12.17 -2.43 13 -2.14 0.12 2.02 -1.99 -1.61 -0.52 23 X Y 201709262230A  
-84.60 2.16 20 -1.91 1.93 -0.02 0.73 0.09 0.21 23 X Y 201709280921A  
-84.35 3.14 20 -0.99 1.34 -0.36 0.61 1.14 5.85 23 X Y 201709281911A  
-73.27 7.58 140 -6.42 1.25 5.16 1.04 -4.06 2.11 23 X Y 201710010135A  
-11.60 -5.46 20 -1.90 -0.04 1.94 -0.63 -0.01 -0.23 23 X Y 201710011645A  
-76.52 -45.94 27 0.08 1.66 -1.74 -0.06 -1.31 -2.66 23 X Y 201710011648A  
-88.62 12.03 19 0.59 -0.48 -0.11 0.44 -0.44 0.20 24 X Y 201710021022A  
-28.56 -55.22 12 1.45 -1.85 0.39 -1.76 2.69 2.13 23 X Y 201710031904A  
-49.35 13.51 19 0.35 1.56 -1.90 -0.31 -0.92 2.80 24 X Y 201710032039A  
-85.22 -41.52 24 -0.43 0.36 0.07 0.22 0.02 -1.69 23 X Y 201710040430A  
-68.49 -22.34 139 -1.77 0.30 1.47 0.50 -0.38 -0.95 24 X Y 201710050811A  
-82.91 -43.00 20 -0.25 0.70 -0.45 -0.24 0.77 -1.83 23 X Y 201710051001A  
-82.78 -43.01 15 -0.34 0.42 -0.08 0.48 1.20 -1.47 23 X Y 201710051133A  
-25.76 0.92 17 -0.28 0.69 -0.41 0.86 0.06 -2.58 24 X Y 201710060203A  
-15.47 -35.27 21 0.12 -2.29 2.17 -0.18 0.64 4.27 24 X Y 201710061741A  
-78.14 -1.73 162 -0.87 0.67 0.20 0.08 -0.28 -0.50 24 X Y 201710070926A  
-88.23 11.79 17 1.82 -1.37 -0.44 1.11 -1.58 0.57 23 X Y 201710080338A  
-77.70 -1.75 189 -1.82 0.75 1.07 2.24 -2.23 -1.52 23 X Y 201710090415A  
-89.25 -41.29 15 -0.47 1.17 -0.70 -1.58 0.66 -4.53 23 X Y 201710090627A  
-69.86 -18.58 106 -1.35 0.28 1.07 0.72 -2.89 -0.40 25 X Y 201710100632A  
-24.32 -56.29 21 -2.98 1.41 1.57 0.86 0.26 -0.98 23 X Y 201710120312A  
-65.53 -31.03 185 0.01 -0.81 0.80 -1.01 0.03 -2.46 24 X Y 201710121859A  
-88.82 12.71 44 3.03 -2.50 -0.53 0.77 -0.57 1.80 23 X Y 201710140619A  
-73.41 -14.47 87 -1.33 -0.92 2.24 0.48 -0.88 0.94 23 X Y 201710142053A  
-72.92 -32.26 22 -2.28 1.36 0.92 0.50 0.10 0.58 23 X Y 201710151059A  
-27.85 1.18 16 -0.92 1.80 -0.89 0.79 0.85 -4.99 23 X Y 201710161808A  
-74.36 -35.50 19 -3.32 0.59 2.72 0.32 0.80 1.37 23 X Y 201710161929A  
-29.65 -55.63 17 -2.25 0.38 1.87 0.19 0.39 -0.32 23 X Y 201710170659A  
-24.24 -1.02 13 -0.74 1.09 -0.36 1.00 -0.29 -2.68 23 X Y 201710172226A  
-88.11 12.47 64 1.27 -1.46 0.19 1.26 -1.44 1.20 23 X Y 201710172303A  
-35.72 7.45 12 -0.27 0.02 0.25 0.21 -0.30 -1.59 24 X Y 201710192223A  
-74.00 -15.15 135 -2.59 -3.37 5.96 -0.72 -1.57 -1.78 23 X Y 201710220137A  
-70.46 18.59 23 2.06 -0.60 -1.46 0.18 -0.41 0.97 23 X Y 201710291744A  
-74.67 -10.68 128 -1.34 0.03 1.32 -0.08 -1.02 -1.05 24 X Y 201710301712A  
-25.97 -60.23 38 3.14 -4.31 1.17 3.14 1.63 -0.05 23 X Y 201710312226A  
-25.19 -56.57 27 2.93 -0.17 -2.76 1.03 1.70 1.12 23 X Y 201711011858A  
-85.31 1.28 15 -0.02 0.32 -0.30 -0.06 0.35 1.32 23 X Y 201711030046A  
-76.07 2.48 169 -5.26 2.14 3.12 -3.41 -2.33 2.25 23 X Y 201711040016A  
-60.97 11.64 55 1.20 0.37 -1.57 -0.58 1.37 -0.47 24 X Y 201711051500A  
-78.08 19.74 15 -1.27 -0.35 1.62 0.76 -0.85 0.91 23 X Y 201711090319A  
-67.22 -24.24 193 -2.27 0.77 1.50 0.38 -2.04 -0.75 23 X Y 201711100116A  
-84.32 -41.60 12 -5.11 -0.08 5.18 1.30 -1.22 -1.17 24 X Y 201711101201A  
-14.19 -11.71 12 0.30 -1.41 1.11 -0.92 0.17 1.96 23 X Y 201711102336A  
-14.25 -11.69 12 0.02 -0.81 0.79 -0.28 0.11 1.73 25 X Y 201711110036A  
-82.19 -44.91 13 -2.06 -0.04 2.10 0.94 0.19 -0.46 23 X Y 201711120334A  
-84.58 9.45 30 0.71 -0.59 -0.12 0.58 -0.33 0.31 26 X Y 201711130228A  
-87.25 11.70 30 -2.45 0.74 1.71 1.72 -0.53 2.09 23 X Y 201711141946A  
-83.93 8.69 15 6.29 -4.74 -1.55 3.75 -1.79 2.75 23 X Y 201711142121A  
-16.90 -59.25 17 -0.10 -0.61 0.71 0.11 -0.01 2.21 24 X Y 201711150202A  
-62.83 -58.59 18 -0.42 -2.15 2.56 2.44 0.27 8.68 23 X Y 201711161551A  
-40.28 8.62 27 -0.65 0.16 0.49 -0.58 1.60 -2.93 23 X Y 201711161958A  
-82.64 4.87 19 -0.03 0.07 -0.04 0.23 0.11 1.07 24 X Y 201711162018A  
-13.17 -15.74 21 -2.13 0.79 1.34 -0.78 -0.39 -0.50 23 X Y 201711170046A  
-79.98 -2.46 91 -0.75 -0.57 1.32 0.82 0.15 0.69 24 X Y 201711171340A  
-69.45 -19.71 122 -3.01 -0.30 3.31 -0.26 -2.11 -1.65 23 X Y 201711171645A  
-79.80 -2.93 25 0.02 1.01 -1.03 1.81 -2.64 0.05 24 X Y 201711180423A  
-71.90 8.48 27 4.58 -2.37 -2.21 -1.32 -0.09 -1.95 23 X Y 201711180554A  
-69.23 -20.54 131 -1.14 -0.03 1.17 -0.12 -1.02 -0.58 23 X Y 201711181001A  
-78.03 -1.76 173 -3.01 3.19 -0.18 1.15 -0.42 -4.01 23 X Y 201711192142A  
-40.47 9.42 12 -2.54 0.04 2.50 -1.19 -0.66 -0.90 23 X Y 201711211456A  
-7.50 -50.14 20 -2.26 0.70 1.56 -0.21 -1.41 -0.55 23 X Y 201711240839A  
-74.46 -8.83 144 0.25 -0.18 -0.07 2.27 -4.01 0.90 23 X Y 201711241404A  
-61.90 18.61 24 -0.13 -0.44 0.58 0.00 1.00 -3.27 23 X Y 201711280012A  
-80.12 -1.97 85 0.81 -0.78 -0.02 -1.43 1.45 -0.85 23 X Y 201711280204A  
-14.18 -17.47 18 -2.92 0.30 2.62 -0.15 0.97 -0.34 23 X Y 201711281424A  
-13.54 -31.16 22 -2.34 0.68 1.66 -0.42 1.25 -0.49 23 X Y 201711281838A  
-13.69 -25.72 19 -0.13 -1.29 1.42 0.22 0.56 2.29 24 X Y 201711290336A  
-76.31 -14.40 24 2.69 -0.18 -2.51 0.62 -2.80 1.09 24 X Y 201711290629A  
-68.62 -32.15 131 -2.13 0.72 1.41 -0.43 0.52 1.44 23 X Y 201711291635A  
-23.35 -0.98 15 -0.77 1.70 -0.94 2.28 0.87 -5.74 25 X Y 201711300632A  
-24.85 -58.15 38 2.70 0.58 -3.28 0.21 1.32 0.82 23 X Y 201711302309A  
-82.28 -44.28 19 -2.17 -0.18 2.35 1.35 -1.31 -0.74 23 X Y 201712012002A  
-80.60 -0.58 29 1.29 0.15 -1.44 0.28 -2.03 -0.22 25 X Y 201712031119A  
-40.59 10.00 12 -2.89 -0.50 3.40 2.30 -0.23 -0.05 23 X Y 201712031650A  
-71.30 -19.62 14 1.33 -0.07 -1.26 0.32 -0.89 0.45 24 X Y 201712111900A  
-32.87 5.77 19 -2.18 0.32 1.86 1.15 0.20 -0.43 23 X Y 201712130139A  
-80.92 7.34 14 0.57 0.85 -1.41 -0.37 0.29 1.30 23 X Y 201712140111A  
-27.62 1.10 12 -1.00 0.04 0.96 0.14 -0.04 -0.15 24 X Y 201712161438A  
-67.15 -24.24 193 -2.19 -0.58 2.77 -0.89 -1.82 -0.17 23 X Y 201712170228A  
-80.19 7.43 22 -0.12 1.66 -1.54 -0.40 0.90 2.01 23 X Y 201712170635A  
-67.13 -24.26 204 -3.72 -0.16 3.88 1.21 -2.02 -0.59 23 X Y 201712191820A  
-83.73 -42.57 13 -3.32 0.18 3.14 1.04 0.40 -1.14 23 X Y 201712191858A  
-62.83 18.23 64 1.38 0.54 -1.93 -0.75 -1.65 1.01 23 X Y 201712241512A  
-82.58 6.08 21 0.45 -0.79 0.34 0.82 -0.01 6.03 23 X Y 201712250218A  
-69.35 -17.53 171 -0.90 -1.25 2.15 -0.66 -2.25 2.44 23 X Y 201712261526A  
-11.82 -19.64 12 -1.95 0.27 1.68 1.79 -0.05 -0.01 23 X Y 201712271024A  
-84.59 2.28 19 -0.39 1.35 -0.96 0.92 0.78 4.70 23 X Y 201712271511A  
-70.49 -24.94 67 1.09 0.32 -1.41 0.32 -1.04 0.33 24 X Y 201712280354A  
-32.83 5.75 12 -2.88 -1.69 4.58 1.91 -1.06 0.06 23 X Y 201712281120A  
-69.56 -19.36 126 -2.01 0.11 1.91 1.14 -8.32 3.42 23 X Y 201712300820A  

