-24.31 -56.26 17 4.05 -0.67 -3.38 -0.83 2.70 2.90 23 X Y 201802031306A  
-25.24 -58.90 62 3.65 -4.44 0.79 2.83 -2.97 0.67 23 X Y 201802180254A  
-27.03 -56.39 118 0.58 0.12 -0.70 -0.44 -0.29 0.57 24 X Y 201802201502A  
-29.18 -55.29 23 1.16 -4.71 3.55 -1.31 4.31 3.81 23 X Y 201803060734A  
-27.80 -56.05 123 4.94 -3.38 -1.56 -0.88 -4.10 1.32 23 X Y 201803061123A  
-27.32 -56.38 12 2.28 -1.26 -1.03 -0.81 -0.08 0.24 24 X Y 201803101427A  
-25.38 -56.50 15 1.19 0.03 -1.22 -0.12 0.62 0.51 24 X Y 201803160925A  
-26.11 -56.50 41 3.38 -0.74 -2.64 0.94 1.33 1.88 23 X Y 201803230546A  
-30.52 -55.26 15 4.58 -4.21 -0.37 -2.60 3.95 2.78 23 X Y 201804040757A  
-24.85 -57.96 37 2.54 1.18 -3.72 0.03 1.25 0.72 23 X Y 201804041724A  
-27.34 -57.79 247 1.26 -3.90 2.64 1.82 -1.26 -0.72 24 X Y 201804090020A  
-26.79 -56.46 106 -0.22 2.47 -2.24 -1.52 2.44 4.04 23 X Y 201804121629A  
-36.71 -61.61 13 -1.09 3.45 -2.35 -3.15 -3.86 1.99 23 X Y 201804140817A  
-27.98 -55.22 22 4.68 -3.50 -1.18 -0.22 0.62 1.10 23 X Y 201804172317A  
-31.41 -60.44 12 -2.72 0.24 2.48 0.54 1.94 6.29 23 X Y 201804242138A  
-26.71 -55.80 21 1.36 -0.42 -0.94 -0.27 1.27 0.96 24 X Y 201805141814A  
-26.68 -55.78 23 1.19 -0.39 -0.80 -0.21 1.02 0.71 24 X Y 201805150817A  
-26.47 -55.51 18 3.99 -2.36 -1.62 -2.88 2.16 2.20 23 X Y 201805180616A  
-26.47 -55.85 14 2.31 -1.28 -1.03 -1.23 0.88 1.16 23 X Y 201805180635A  
-24.93 -58.57 51 3.26 0.28 -3.55 -0.37 0.73 0.30 24 X Y 201806061851A  
-29.59 -59.77 17 -0.72 -1.22 1.94 0.34 1.26 2.27 24 X Y 201806260148A  
-29.05 -60.45 15 -0.05 0.63 -0.58 -0.17 -0.52 -0.87 24 X Y 201807020309A  
-27.68 -60.67 12 -2.44 0.82 1.61 -1.01 2.56 -2.41 23 X Y 201807192330A  
-27.52 -60.68 12 -1.62 1.82 -0.20 -3.33 -0.33 -6.59 23 X Y 201807200024A  
-27.69 -60.74 12 -0.42 -1.37 1.79 -4.83 1.44 -7.19 23 X Y 201807200424A  
-27.21 -56.08 125 2.81 -3.85 1.04 -0.14 -1.76 2.67 24 X Y 201807251945A  
-25.92 -56.87 69 -0.16 0.71 -0.55 -0.48 0.60 -0.20 24 X Y 201807261256A  
-41.18 -60.82 15 0.77 -0.26 -0.50 0.54 1.60 2.99 23 X Y 201808081914A  
-24.67 -58.27 32 1.19 -1.40 0.21 0.86 -0.66 -0.40 25 X Y 201808140329A  
-24.59 -58.26 36 5.01 -3.31 -1.70 -1.58 -1.89 -1.17 23 X Y 201808141813A  
-58.41 -61.83 53 1.86 -2.07 0.22 -0.68 -1.26 1.75 24 X Y 201808272009A  
-28.06 -55.75 20 -1.95 0.46 1.49 -0.57 1.63 1.32 23 X Y 201809021426A  
-24.72 -58.06 39 3.52 0.39 -3.91 -0.38 1.58 0.46 24 X Y 201809032035A  
-24.92 -58.13 58 0.98 -0.38 -0.60 -1.86 -0.07 2.28 23 X Y 201809041332A  
-24.97 -58.03 45 2.82 0.80 -3.63 0.22 0.69 0.37 23 X Y 201809041437A  
-24.34 -58.39 24 4.17 1.26 -5.43 -0.57 2.27 1.12 23 X Y 201809041838A  
-24.39 -58.46 23 3.07 0.28 -3.35 0.45 1.29 -0.50 24 X Y 201809050036A  
-24.44 -58.54 22 1.45 0.20 -1.65 0.52 0.46 -0.51 24 X Y 201809050333A  
-24.35 -58.54 26 0.69 0.02 -0.71 0.12 0.12 -0.09 24 X Y 201809050510A  
-25.62 -60.05 45 2.21 -0.62 -1.59 -2.15 -1.15 0.08 23 X Y 201809061001A  
-24.99 -61.17 12 -0.49 0.05 0.44 0.32 0.14 0.94 24 X Y 201809241713A  
-26.98 -56.17 69 0.47 0.69 -1.17 -2.10 0.35 2.86 23 X Y 201810032359A  
-24.44 -58.69 29 4.65 1.56 -6.21 -1.50 4.64 -0.27 23 X Y 201810281436A  
-24.47 -58.71 29 3.82 0.09 -3.91 -1.34 1.73 -0.31 23 X Y 201810290318A  
-24.40 -58.80 32 3.91 1.03 -4.94 -0.69 0.11 0.01 23 X Y 201810290330A  
-66.60 -57.55 21 3.67 -0.72 -2.96 0.71 1.11 1.41 25 X Y 201810290654A  
-66.43 -57.69 29 5.12 -1.34 -3.78 2.39 3.00 3.14 24 X Y 201810292017A  
-66.55 -57.66 20 2.56 -0.22 -2.34 0.83 1.82 1.41 24 X Y 201810292107A  
-27.83 -55.26 22 2.29 -0.49 -1.80 -0.89 2.39 1.85 23 X Y 201810301148A  
-66.49 -57.40 18 3.95 -0.94 -3.02 -1.27 0.69 0.80 23 X Y 201810311236A  
-24.74 -58.29 34 4.26 -4.98 0.71 4.71 -2.05 -1.97 24 X Y 201811011930A  
-66.22 -57.48 23 3.58 -0.68 -2.90 -0.78 -0.26 0.66 23 X Y 201811081607A  
-29.91 -55.74 19 -3.78 0.71 3.06 0.16 1.78 0.98 23 X Y 201811112018A  
-25.02 -56.83 18 1.76 0.08 -1.84 -0.36 1.22 0.61 24 X Y 201811151649A  
-25.08 -56.79 18 3.90 -0.10 -3.80 -0.84 2.62 1.30 25 X Y 201811152002A  
-25.17 -56.76 18 1.94 -0.33 -1.60 -0.25 0.10 0.68 24 X Y 201811160418A  
-66.41 -57.59 12 6.45 -1.45 -5.00 -2.19 0.00 1.98 23 X Y 201811160753A  
-26.28 -62.25 24 -2.78 -1.13 3.91 0.46 1.71 -1.59 23 X Y 201811161334A  
-26.65 -56.37 88 -0.59 2.62 -2.04 -2.00 1.55 0.80 24 X Y 201811231051A  
-25.68 -58.58 147 0.46 1.85 -2.30 0.63 5.00 1.73 26 X Y 201812110226A  
-74.64 -50.79 21 -0.09 2.82 -2.73 -0.40 0.09 0.80 23 X Y 201812120031A  
-29.85 -55.91 12 -4.90 2.64 2.26 1.94 0.82 5.61 23 X Y 201812120914B  
-24.74 -58.30 35 4.28 -0.22 -4.06 -0.70 1.67 0.87 23 X Y 201812212046A  
-25.43 -60.03 34 0.49 -0.64 0.15 0.25 0.45 0.56 24 X Y 201901031247A  
-31.47 -55.19 22 3.03 -1.94 -1.09 -0.43 0.60 1.65 23 X Y 201902150256A  
-31.44 -55.04 12 0.48 -0.42 -0.06 -0.44 0.53 0.45 24 X Y 201902171129A  
-25.04 -60.14 14 0.76 -0.19 -0.57 0.40 0.31 -0.48 24 X Y 201902172318A  
-23.32 -57.62 20 -4.67 0.58 4.09 -1.46 0.83 -1.11 23 X Y 201902270628A  
-27.45 -56.02 58 -0.33 1.25 -0.91 -4.04 -4.56 1.11 25 X Y 201904051614A  
-24.60 -58.71 43 5.47 -6.81 1.34 2.51 3.87 -0.28 25 X Y 201904091754A  
-23.07 -58.81 12 -4.85 -0.56 5.41 -0.04 1.78 4.16 23 X Y 201904161659A  
-27.06 -56.35 83 -0.14 0.71 -0.57 -0.37 -0.56 0.90 25 X Y 201904221449A  
-29.26 -58.70 23 -2.91 1.29 1.63 -0.94 -0.91 -0.09 23 X Y 201904240441A  
-24.07 -57.68 16 2.76 -0.30 -2.46 0.74 2.03 0.54 23 X Y 201904251142A  
-26.26 -60.77 12 -1.26 3.85 -2.59 0.92 0.52 1.41 23 X Y 201905191148A  
-27.31 -56.39 122 4.81 -3.05 -1.75 -2.72 -0.20 -3.03 24 X Y 201905272329A  
-24.63 -58.81 24 4.42 -0.09 -4.33 1.68 2.54 -1.36 23 X Y 201906101344A  
-24.80 -58.10 38 0.95 0.12 -1.07 -0.06 0.44 0.16 24 X Y 201906200827A  
-24.73 -58.10 38 2.50 0.12 -2.62 -0.27 1.16 0.45 24 X Y 201906241921A  
-26.94 -56.32 111 0.54 1.16 -1.70 -4.39 2.43 2.93 23 X Y 201906291946A  
-27.78 -54.73 23 -3.93 3.44 0.49 -1.42 0.17 0.95 23 X Y 201907121122A  
-25.47 -60.92 12 -2.00 2.71 -0.71 1.82 0.29 2.05 23 X Y 201908190344A  
-27.42 -60.03 134 -1.14 0.51 0.63 -1.37 -0.92 0.31 23 X Y 201908190606A  
-25.82 -60.54 29 0.09 -0.51 0.42 0.33 0.37 0.59 26 X Y 201908272355A  
-25.83 -60.59 19 0.47 -2.59 2.11 -0.61 1.17 1.86 24 X Y 201908280759A  
-25.93 -60.64 12 0.32 -1.34 1.02 0.94 0.88 1.41 24 X Y 201908280800A  
-26.03 -60.73 21 0.48 -1.93 1.46 0.99 0.67 3.00 23 X Y 201908282019A  
-66.32 -57.79 29 4.29 -1.10 -3.19 3.51 4.03 5.22 23 X Y 201909051606A  
-25.92 -59.17 128 -0.34 0.22 0.12 0.97 0.09 -0.69 24 X Y 201909071850A  
-27.73 -55.07 14 1.76 -1.25 -0.52 -0.98 1.02 0.95 23 X Y 201909270319A  
-30.50 -57.08 13 -0.29 -0.12 0.41 -0.05 -0.14 -0.85 24 X Y 201910030111A  
-39.01 -61.13 24 0.55 0.79 -1.34 0.17 0.19 2.48 23 X Y 201910040614A  
-25.52 -59.22 103 2.12 -3.09 0.96 -1.14 -0.82 2.11 23 X Y 201910061713A  
-25.58 -60.01 34 4.74 -3.98 -0.76 3.83 0.39 3.22 23 X Y 201910070016A  
-53.86 -61.10 14 -2.91 2.82 0.09 0.26 -0.48 0.99 23 X Y 201910080509A  
-25.93 -56.42 12 -1.52 1.16 0.36 0.60 1.00 1.13 24 X Y 201910130609A  
-26.97 -55.69 20 1.26 -0.30 -0.96 -0.43 1.29 0.91 24 X Y 201910142133A  
-54.04 -61.59 21 -0.37 -0.85 1.23 0.57 -1.54 2.35 23 X Y 201910191639A  
-25.72 -55.51 23 -2.56 1.65 0.91 0.51 1.09 -1.33 23 X Y 201910191932A  
-27.49 -56.01 77 0.38 1.27 -1.65 -4.75 -5.14 -0.97 23 X Y 201910231530A  
-30.30 -56.42 12 -0.76 -0.87 1.63 -0.52 0.34 4.84 23 X Y 201910300338A  
-25.80 -55.66 21 -0.59 0.99 -0.40 -1.07 -0.29 -1.24 25 X Y 201911021808A  
-25.11 -60.28 18 2.27 -0.62 -1.65 0.01 0.48 -0.64 23 X Y 201911092310A  
-51.31 -61.11 12 -3.17 1.49 1.68 -1.25 -0.13 1.52 23 X Y 201911101423A  
-51.18 -61.06 12 -2.25 1.36 0.90 -0.70 0.27 1.27 24 X Y 201911280026A  
-23.50 -58.68 25 0.16 -4.02 3.86 -0.42 1.98 2.31 23 X Y 201912061024A  
-67.79 -57.17 27 3.84 -1.56 -2.28 0.62 -1.33 0.98 23 X Y 201912212034A  
-26.86 -55.67 19 0.52 -0.13 -0.39 -0.12 0.75 0.49 24 X Y 201912261515A  
-26.45 -56.10 30 5.74 -1.24 -4.50 0.22 4.25 3.05 23 X Y 202001091715A  
-24.23 -60.94 16 -1.64 0.80 0.84 1.20 -1.21 1.82 23 X Y 202001190341A  
-25.69 -59.45 104 1.45 -0.35 -1.10 0.80 1.34 -0.50 25 X Y 202001200651A  
-26.34 -60.66 18 0.54 -0.04 -0.51 0.15 0.61 -0.32 24 X Y 202001222214A  
-26.45 -56.10 30 5.74 -1.24 -4.50 0.22 4.25 3.05 23 X Y 202001091715A  
-24.23 -60.94 16 -1.64 0.80 0.84 1.20 -1.21 1.82 23 X Y 202001190341A  
-25.69 -59.45 104 1.45 -0.35 -1.10 0.80 1.34 -0.50 25 X Y 202001200651A  
-26.34 -60.66 18 0.54 -0.04 -0.51 0.15 0.61 -0.32 24 X Y 202001222214A  
-59.99 -59.43 14 -0.14 1.82 -1.68 0.02 0.47 0.98 24 X Y 202002071852A  
-24.85 -60.06 13 0.66 0.08 -0.74 0.03 0.66 -0.38 25 X Y 202002081432A  
-25.13 -60.88 18 -3.29 1.88 1.42 0.14 1.11 0.91 23 X Y 202002081826A  
-25.09 -60.18 18 0.64 0.09 -0.73 -0.08 0.61 -0.41 24 X Y 202002101952A  
-25.28 -59.26 43 3.88 0.58 -4.46 -0.63 0.93 -0.38 23 X Y 202002140955A  
-25.60 -57.79 75 0.51 -2.02 1.51 1.88 -0.98 -1.33 23 X Y 202002200401A  
-29.13 -55.30 23 0.26 -0.82 0.57 -0.17 0.49 0.70 24 X Y 202002281848A  
-26.17 -59.87 43 0.63 3.96 -4.58 -0.08 1.32 0.61 23 X Y 202003022123A  
-25.84 -60.03 48 2.32 1.46 -3.78 -1.11 1.09 -2.04 23 X Y 202003031014A  
-25.92 -59.99 45 3.30 0.57 -3.87 -1.58 1.84 -2.03 23 X Y 202003041647A  
-35.47 -55.50 14 -0.33 -0.66 0.99 -0.68 -1.27 2.53 23 X Y 202003081056A  
-25.49 -60.91 27 -2.48 4.17 -1.69 0.22 0.19 1.26 23 X Y 202003192016A  
-26.43 -56.72 99 0.08 1.14 -1.22 0.37 0.76 0.57 24 X Y 202003262024A  
-24.52 -58.67 30 2.55 0.19 -2.74 0.19 0.96 -0.82 23 X Y 202003290406A
