#Search criteria:
#
#Start date: 2017/1/1   End date: 2020/1/1
#-70 <=lat<= 20          -90 <=lon<= 0 
#0 <=depth<= 1000         -9999 <=time shift<= 9999
#0 <=mb<= 10        0<=Ms<= 10           0<=Mw<= 10
#0 <=tension plunge<= 90         0 <=null plunge<= 90
#
#Results
#Output in GMT psmeca (GMT v>3.3) format
#Columns: lon lat depth mrr mtt mpp mrt mrp mtp iexp name-76.46 -4.95 120 -0.83 -0.08 0.91 -0.18 0.24 -0.25 25 X Y 201701021313A  
-70.67 -19.91 48 1.41 -5.39 3.98 1.89 -3.22 -2.71 23 X Y 201701031341A  
-74.63 -43.33 24 1.13 0.08 -1.21 0.11 -1.26 0.63 24 X Y 201701032119A  
-36.46 7.61 14 -1.46 0.20 1.26 0.18 -0.49 -0.16 23 X Y 201701040937A  
-71.64 -30.51 32 3.33 -0.28 -3.05 -1.61 0.72 1.33 23 X Y 201701041324A  
-12.62 -22.41 12 0.38 -3.85 3.47 -1.43 -0.41 7.26 23 X Y 201701050323A  
-67.88 -22.30 175 0.03 -0.57 0.54 2.63 -4.50 -0.47 24 X Y 201701060630A  
-13.54 -17.72 12 -0.38 1.08 -0.70 1.48 0.04 -2.26 23 X Y 201701062039A  
-78.31 -11.31 30 2.79 -1.21 -1.57 0.68 1.02 1.47 23 X Y 201701062255A  
-72.42 -30.23 21 3.00 -0.35 -2.64 -0.17 -2.64 0.55 23 X Y 201701080033A  
-66.95 -23.99 212 -0.98 -4.59 5.57 -1.19 -6.24 -1.23 23 X Y 201701080104A  
-26.69 1.03 13 -0.47 0.66 -0.19 1.36 0.32 -2.38 23 X Y 201701081621A  
-80.27 0.69 27 2.44 0.24 -2.68 -0.49 -2.99 -0.33 23 X Y 201701110236A  
-69.91 -22.79 77 -3.76 -1.21 4.98 -1.77 -0.94 1.58 24 X Y 201701112158A  
-77.97 6.08 18 -0.72 0.67 0.05 -0.31 0.20 -0.16 24 X Y 201701121606A  
-25.82 -59.28 110 -0.70 2.07 -1.38 0.77 2.03 -2.49 23 X Y 201701131314A  
-76.60 19.94 12 5.40 -4.53 -0.87 4.45 -1.93 1.81 24 X Y 201701170908A  
-13.65 -17.84 17 -2.53 1.09 1.45 0.36 -0.52 -2.02 23 X Y 201701191653A  
-13.52 -7.91 14 -1.63 0.05 1.58 0.51 0.59 -0.24 23 X Y 201701260311A  
-70.55 -19.87 68 3.44 0.49 -3.93 0.88 -1.37 1.27 23 X Y 201701280127A  
-79.37 -9.20 61 -1.13 -0.07 1.20 -0.00 0.19 -0.31 24 X Y 201701280642A  
-64.73 -58.13 21 0.49 0.07 -0.56 0.66 0.54 0.66 24 X Y 201701291738A  
-83.55 -42.57 28 -3.53 0.60 2.92 0.75 -0.77 -0.77 23 X Y 201701301645B  
-79.85 0.64 23 0.89 0.16 -1.04 0.28 -1.36 -0.23 24 X Y 201701311422A  
-69.51 -33.07 20 -0.54 1.57 -1.04 0.96 0.52 -0.22 24 X Y 201702030052A  
-60.35 15.16 50 4.54 -0.42 -4.12 -1.29 2.24 1.73 24 X Y 201702031954A  
-69.19 -20.97 112 -0.60 0.40 0.20 0.51 -2.11 0.23 23 X Y 201702060803A  
-74.67 3.38 50 1.77 0.12 -1.89 -0.40 0.53 -0.77 24 X Y 201702061302A  
-84.01 -41.73 12 -0.66 -0.02 0.68 0.36 -0.14 -0.19 24 X Y 201702081344A  
-74.15 -15.04 111 -2.28 -1.54 3.81 -1.17 -0.15 -2.51 23 X Y 201702090050A  
-12.91 -17.78 12 -0.78 0.04 0.73 0.20 0.04 -0.09 24 X Y 201702100258A  
-26.60 -56.45 71 -0.11 3.86 -3.75 -1.27 0.90 3.32 23 X Y 201702120401A  
-73.13 12.32 27 0.39 -0.31 -0.08 -0.86 -0.14 -0.28 24 X Y 201702120932A  
-71.58 -28.01 33 3.95 0.45 -4.41 0.73 -3.25 0.40 23 X Y 201702121621A  
-66.86 -23.89 225 -0.73 -0.15 0.88 0.26 -1.07 0.29 24 X Y 201702140938A  
-28.24 0.99 22 -0.33 0.37 -0.05 0.20 0.55 -2.29 23 X Y 201702150134A  
-13.62 -17.83 12 -3.67 0.23 3.44 -0.88 -0.55 -1.66 23 X Y 201702160538A  
-72.35 -30.26 14 0.90 0.00 -0.90 0.02 -0.67 0.02 24 X Y 201702160702A  
-66.87 -23.87 221 -0.82 -0.36 1.19 -0.36 -4.59 0.12 25 X Y 201702181210A  
-74.98 -5.31 24 5.55 0.02 -5.57 -0.21 0.95 -0.30 23 X Y 201702200745A  
-13.75 -32.21 28 -0.46 -1.44 1.90 -0.03 -0.16 2.18 23 X Y 201702211308A  
-63.79 -19.27 606 -3.18 -0.78 3.96 -2.34 5.52 0.03 25 X Y 201702211409A  
-51.03 -60.78 12 -2.36 0.57 1.78 -0.57 -2.08 0.51 23 X Y 201702220825A  
-15.69 -44.66 12 -0.79 0.21 0.57 0.13 0.16 -0.33 24 X Y 201702222325A  
-71.46 -15.77 176 -0.00 -2.05 2.05 1.56 -1.26 -2.77 23 X Y 201702240312A  
-30.41 -55.41 12 2.78 -3.16 0.38 -1.33 5.37 2.29 23 X Y 201702240559A  
-87.96 12.34 52 -2.68 1.37 1.31 0.79 -0.33 -0.95 23 X Y 201702241341A  
-69.27 -19.41 131 -0.68 -0.03 0.71 -0.11 -0.30 -0.27 24 X Y 201702250231A  
-67.98 -29.06 116 -1.72 0.55 1.17 -0.62 -0.45 -1.54 23 X Y 201702251400A  
-71.74 -28.89 37 5.25 0.23 -5.48 1.03 -3.23 -0.47 23 X Y 201702260859A  
-9.78 -48.42 12 -6.89 0.54 6.35 0.38 -1.00 -1.78 23 X Y 201702280350A  
-81.33 -44.98 21 -0.16 1.09 -0.93 0.45 -0.07 -2.85 24 X Y 201702281735A  
-17.42 -59.26 17 -0.29 -1.90 2.19 2.17 -0.47 4.75 23 X Y 201703042011A  
-15.64 -1.30 12 -0.32 1.28 -0.97 -0.45 1.52 -2.01 23 X Y 201703050719A  
-72.14 -30.63 20 5.26 -0.02 -5.24 0.18 -4.58 -0.03 23 X Y 201703100622A  
-69.73 12.06 20 -0.80 0.16 0.64 -0.09 0.10 -0.38 24 X Y 201703101346A  
-71.50 -30.52 48 5.96 0.13 -6.09 0.51 -2.50 0.49 23 X Y 201703131505A  
-2.26 -54.01 20 -2.76 1.11 1.65 2.47 -0.37 -1.08 23 X Y 201703141938A  
-2.16 -54.21 13 -4.52 2.25 2.26 -0.34 -1.59 -2.17 23 X Y 201703142316A  
-67.07 -24.24 205 -6.22 0.30 5.92 0.59 -1.97 1.73 23 X Y 201703160808A  
-82.69 4.73 35 0.11 -0.23 0.12 0.08 0.44 3.91 23 X Y 201703161939A  
-86.43 10.35 29 2.04 -1.84 -0.20 0.82 -1.42 1.52 23 X Y 201703171032A  
-27.47 -59.72 194 -3.33 -1.84 5.17 -3.60 0.83 -1.06 23 X Y 201703180031A  
-17.31 -59.25 13 -0.47 -0.85 1.32 1.24 -0.14 3.46 23 X Y 201703180313A  
-66.35 -27.20 187 -1.32 1.58 -0.25 0.59 2.72 -3.19 23 X Y 201703200817A  
-81.29 -3.70 37 2.64 0.62 -3.26 0.09 -2.16 -0.58 23 X Y 201703210429A  
-77.61 6.22 15 1.78 -0.20 -1.58 0.80 -4.03 0.76 23 X Y 201703210831A  
-68.70 -21.68 145 0.46 1.11 -1.57 -0.82 -3.43 0.87 23 X Y 201703211501A  
-79.59 3.31 12 -0.65 0.60 0.05 0.46 0.23 -0.01 24 X Y 201703240900A  
-69.01 -19.68 120 -2.12 0.54 1.58 0.53 -1.63 -1.49 23 X Y 201703250659A  
-71.79 -36.34 103 -0.53 -2.06 2.59 1.16 -3.37 2.31 23 X Y 201703270303A  
-17.36 -59.21 14 -0.00 -0.46 0.46 0.14 -0.02 1.37 24 X Y 201703271048B  
-75.82 -3.26 135 -0.92 0.74 0.17 0.28 -1.33 0.74 23 X Y 201703281115A  
-82.68 5.28 22 0.11 0.10 -0.20 0.24 0.04 1.36 24 X Y 201703290349A  
-86.76 11.97 97 0.85 0.96 -1.81 1.28 -2.49 -2.07 23 X Y 201703291659A  
-12.63 -22.44 12 -0.04 -0.41 0.45 -0.02 0.06 0.90 24 X Y 201703292256A  
-26.94 -55.78 12 0.11 0.20 -0.31 -0.50 1.10 0.25 24 X Y 201703301313A  
-27.78 -55.36 19 2.71 -1.82 -0.90 0.87 2.02 1.62 23 X Y 201703302158A  
-71.61 -30.83 42 0.86 -0.04 -0.83 0.12 -0.49 0.07 24 X Y 201703311844A  
-81.47 -7.15 12 0.50 -0.06 -0.44 -0.15 -1.19 0.30 24 X Y 201704020138A  
-82.48 8.99 16 -0.28 -0.15 0.42 -0.54 0.01 1.06 24 X Y 201704022354A  
-29.81 -55.73 12 -1.06 -0.52 1.58 0.32 0.68 0.60 24 X Y 201704041353A  
-48.50 -53.29 28 -2.81 0.61 2.20 -0.84 1.56 2.92 23 X Y 201704042123A  
-72.78 -17.71 19 0.38 -0.07 -0.31 0.13 -1.07 0.25 24 X Y 201704061715A  
-85.36 1.23 28 -0.42 0.52 -0.10 -0.07 0.07 1.91 23 X Y 201704082253A  
-82.59 5.69 21 -0.07 0.68 -0.62 0.09 0.04 0.75 24 X Y 201704090309A  
-89.36 13.78 12 -0.23 -1.26 1.49 -0.31 0.17 -1.40 23 X Y 201704102353A  
-70.22 -27.71 87 0.86 -1.06 0.20 0.26 3.69 -3.82 23 X Y 201704111339A  
-15.03 -12.23 12 -1.77 1.11 0.66 0.66 -0.51 -0.62 23 X Y 201704130258A  
-71.70 -31.15 46 1.20 0.08 -1.28 0.51 -0.33 0.59 24 X Y 201704130342A  
-11.48 -5.32 12 -2.55 0.01 2.54 -0.51 -0.73 0.05 23 X Y 201704132111A  
-14.84 -12.25 12 1.10 -2.26 1.17 0.05 -6.27 6.49 23 X Y 201704140529A  
-68.84 -22.54 134 -0.44 -0.05 0.49 0.45 -0.92 0.06 24 X Y 201704141803A  
-67.92 -23.20 164 -0.95 -0.44 1.40 0.43 -2.77 -1.02 25 X Y 201704150819A  
-61.11 17.49 12 1.17 0.24 -1.41 -2.51 3.31 0.75 24 X Y 201704170523A  
-60.81 17.55 27 -2.95 2.06 0.89 0.23 -1.62 -2.29 23 X Y 201704170625A  
-68.40 -21.67 141 -4.08 0.58 3.50 0.02 -1.34 -2.76 23 X Y 201704180148A  
-75.37 -2.77 22 0.95 0.01 -0.95 -0.16 -0.10 -0.30 25 X Y 201704181749A  
-85.37 1.10 17 0.06 0.46 -0.52 -0.00 0.30 1.99 24 X Y 201704201132A  
-67.43 -27.54 160 -0.72 0.13 0.59 0.31 -0.54 -0.52 24 X Y 201704202124A  
-85.44 0.78 12 0.01 0.34 -0.35 -0.04 0.22 1.27 24 X Y 201704211658A  
-72.26 -33.02 29 3.76 -0.04 -3.72 -0.56 -3.32 -0.29 23 X Y 201704222246A  
-72.04 -33.06 23 0.79 0.03 -0.81 -0.06 -0.82 -0.04 25 X Y 201704230236A  
-72.17 -33.16 22 2.06 -0.05 -2.01 0.05 -1.83 0.14 24 X Y 201704231940A  
-72.07 -33.13 26 1.30 0.04 -1.33 0.06 -2.03 -0.02 26 X Y 201704242138A  
-72.31 -33.35 31 1.53 -0.17 -1.37 0.19 -1.39 -0.18 24 X Y 201704250143A  
-69.44 -19.69 126 -0.29 -0.02 0.31 0.53 -1.20 -0.06 24 X Y 201704261812A  
-71.89 -33.32 25 4.34 0.07 -4.42 -0.24 -7.07 0.36 23 X Y 201704270509A  
-30.07 -55.89 12 -3.35 -0.44 3.80 0.82 1.51 1.28 23 X Y 201704271234A  
-30.00 -55.85 12 -3.17 -1.34 4.51 1.31 0.36 2.45 23 X Y 201704271335A  
-72.03 -33.30 23 0.60 0.01 -0.60 0.13 -0.70 0.05 25 X Y 201704281530A  
-72.06 -33.35 24 1.34 -0.04 -1.29 0.64 -1.82 0.36 24 X Y 201704281558A  
-71.83 -33.30 31 0.58 -0.03 -0.55 0.08 -0.77 0.18 25 X Y 201704281605A  
-72.00 -33.27 24 1.20 0.00 -1.20 -0.13 -1.63 -0.10 24 X Y 201704281741A  
-72.08 -33.42 32 1.81 -0.53 -1.28 0.00 -0.67 -0.06 24 X Y 201704290146A  
-87.11 11.00 26 1.82 -0.99 -0.83 0.82 -0.64 0.59 23 X Y 201704291758A  
-71.17 -19.96 22 4.43 -0.40 -4.04 0.91 -3.03 1.17 23 X Y 201704300936A  
-71.84 -15.74 12 -2.33 2.74 -0.41 -2.00 2.01 -1.26 23 X Y 201704301329A  
-71.94 -15.80 22 -1.47 2.06 -0.59 -0.94 1.10 -0.53 23 X Y 201704301735A  
-17.53 0.24 12 -0.49 1.71 -1.22 1.37 -0.89 -3.64 23 X Y 201705011108A  
-14.53 -34.23 15 0.09 -1.38 1.29 -0.60 1.16 2.52 23 X Y 201705011904A  
-13.97 -11.63 12 0.10 -0.49 0.39 -0.18 0.05 0.93 25 X Y 201705021510A  
-73.39 -16.25 67 -4.25 2.45 1.80 -5.64 2.42 -1.90 23 X Y 201705031242A  
-26.34 -55.98 31 2.87 -0.32 -2.56 0.45 2.31 1.56 23 X Y 201705031724A  
-74.42 -8.56 156 -0.22 0.47 -0.25 0.45 -1.01 -0.22 24 X Y 201705040228A  
-37.81 -61.04 23 -1.43 0.67 0.76 2.20 1.98 8.37 24 X Y 201705060016A  
-78.83 -44.52 14 -0.00 0.59 -0.59 0.15 -0.38 -1.15 24 X Y 201705061451A  
-73.74 -17.05 28 4.72 -1.44 -3.28 2.38 -3.51 3.28 23 X Y 201705061952A  
-76.68 -8.11 16 0.25 0.02 -0.27 -0.17 1.66 0.24 24 X Y 201705080808A  
-29.29 -55.25 21 2.83 -3.83 1.01 0.48 2.61 2.94 23 X Y 201705080901A  
-11.84 -47.57 17 -1.28 3.60 -2.32 -0.11 -0.95 -4.93 23 X Y 201705090141A  
-25.51 -56.43 19 4.84 -0.45 -4.39 -1.44 3.03 1.83 25 X Y 201705102323A  
-25.49 -56.43 23 5.04 -1.80 -3.25 -0.52 0.72 1.73 24 X Y 201705110109A  
-25.36 -56.57 27 3.19 -0.83 -2.36 0.96 1.20 0.60 23 X Y 201705110933A  
-25.26 -56.57 19 3.25 -0.32 -2.94 -0.67 1.92 1.41 24 X Y 201705111541A  
-25.29 -56.67 16 1.24 -0.03 -1.21 0.13 1.17 0.55 24 X Y 201705111557A  
-25.26 -56.68 19 3.68 -0.28 -3.40 0.32 1.48 1.44 23 X Y 201705120521A  
-72.12 -32.90 28 0.61 0.03 -0.63 -0.09 -0.73 -0.04 24 X Y 201705131654A  
-71.52 -18.35 37 2.55 -0.07 -2.47 0.27 -1.68 0.62 23 X Y 201705140533A  
-68.71 -20.92 132 0.31 -4.05 3.75 0.27 -2.33 1.85 24 X Y 201705141944A  
-12.45 -2.04 12 -7.08 2.34 4.74 2.79 0.04 -3.34 23 X Y 201705142211A  
-23.38 -60.26 19 -4.29 1.31 2.98 2.26 -1.16 1.44 23 X Y 201705150822A  
-25.12 -56.25 28 3.40 -0.02 -3.39 -2.41 0.41 1.34 23 X Y 201705151702A  
-25.04 -56.45 13 0.80 -0.07 -0.73 -0.25 0.90 0.50 24 X Y 201705152112A  
-25.17 -56.49 28 4.84 -1.77 -3.07 -1.04 0.54 1.06 23 X Y 201705161442A  
-73.33 -14.56 22 -1.00 1.66 -0.66 -0.12 -0.50 -0.37 24 X Y 201705161709A  
-67.30 -32.78 182 -2.54 -0.14 2.69 -1.66 -0.76 -0.18 23 X Y 201705182345A  
-76.26 -45.88 15 -0.13 0.47 -0.34 0.17 -0.48 -0.74 24 X Y 201705270738A  
-14.30 -16.29 20 -1.86 0.43 1.43 1.59 -0.24 0.44 23 X Y 201705271204A  
-13.73 -0.80 21 -0.56 0.84 -0.28 0.12 0.26 -1.42 23 X Y 201705271711A  
-68.40 -21.23 117 -0.50 0.61 -0.11 1.30 -0.14 -1.35 23 X Y 201705281847A  
-32.58 4.09 13 -1.86 0.25 1.61 -0.07 -0.15 -0.17 23 X Y 201705290857A  
-71.87 -37.38 98 -0.33 0.19 0.14 -0.09 -0.74 0.54 25 X Y 201705291457A  
-25.56 -58.93 93 1.71 -1.10 -0.61 -0.50 -3.07 -1.93 24 X Y 201705301129A  
-68.65 -22.67 136 -1.76 0.25 1.51 -0.28 -1.97 0.01 23 X Y 201705311738A  
-68.72 -21.79 133 -2.34 -1.98 4.32 -0.58 -4.12 -1.43 23 X Y 201706032221A  
-80.66 -4.23 52 3.13 0.20 -3.34 1.04 0.38 0.34 24 X Y 201706051134A  
-68.84 -22.74 123 -0.39 -0.69 1.08 -0.29 -0.52 -0.81 24 X Y 201706061735A  
-11.24 -6.39 12 -3.11 0.67 2.44 1.32 0.28 -0.77 23 X Y 201706070038A  
-13.72 -26.45 21 -7.34 1.27 6.07 -0.60 0.94 -1.48 23 X Y 201706080606A  
-75.74 -7.99 137 -0.81 -0.12 0.93 -0.23 0.39 -0.02 24 X Y 201706081401A  
-13.23 -47.62 12 -0.99 0.16 0.83 0.17 -0.24 -0.34 24 X Y 201706101057A  
-13.54 -26.01 35 -0.12 -2.38 2.50 -0.13 -1.74 3.63 23 X Y 201706102200A  
-11.71 -6.66 12 0.16 -1.61 1.45 1.18 -0.16 3.19 23 X Y 201706111629A  
-71.87 -31.49 34 3.83 0.37 -4.19 0.44 -3.20 0.05 24 X Y 201706120243A  
-66.39 -21.42 243 -1.77 5.35 -3.58 0.26 2.12 0.92 23 X Y 201706150954A  
-86.99 11.09 37 2.18 -1.49 -0.69 1.00 -0.75 1.34 24 X Y 201706171347A  
-26.34 -56.24 47 2.73 0.09 -2.82 0.63 1.90 2.16 23 X Y 201706201254A  
-27.16 -56.14 91 2.89 -0.20 -2.69 -3.51 -0.82 3.35 23 X Y 201706201302A  
-16.54 -41.21 12 -1.96 0.36 1.61 -1.72 -1.12 -0.29 23 X Y 201706201328A  
-82.41 6.51 23 -0.27 0.53 -0.25 0.49 -0.05 1.51 23 X Y 201706230402A  
-71.87 -39.47 129 3.04 -3.91 0.87 1.10 -1.26 1.04 23 X Y 201706231000A  
-82.40 6.54 23 0.11 1.69 -1.80 0.81 0.34 6.90 23 X Y 201706240048A  
-73.42 -15.58 109 -3.21 -2.95 6.15 2.70 -0.59 2.61 24 X Y 201706241609A  
-71.66 -42.09 12 3.63 -0.55 -3.08 -4.04 4.65 1.14 23 X Y 201706252208A  
-71.53 -30.77 55 5.27 1.11 -6.38 0.81 -3.67 0.54 23 X Y 201706261444A  
-80.73 -0.36 14 0.71 0.03 -0.74 0.00 -1.06 -0.13 25 X Y 201706302229A  
-26.84 0.98 14 -0.48 0.95 -0.47 -0.03 -0.04 -2.58 23 X Y 201707020507A  
-68.86 -21.94 130 0.01 0.03 -0.04 -0.10 -1.01 0.43 24 X Y 201707021552A  
-73.56 -35.59 12 4.36 0.12 -4.47 -0.92 -5.92 -1.54 24 X Y 201707041605A  
-72.54 -33.65 32 4.75 -0.67 -4.08 -0.10 -3.17 -0.74 23 X Y 201707070304A  
-27.32 -56.18 76 0.73 -0.07 -0.66 -1.21 -1.06 2.09 24 X Y 201707090557A  
-13.35 -11.54 14 0.13 -0.46 0.33 -0.16 -0.13 0.82 24 X Y 201707090642A  
-13.54 -7.45 12 -5.02 0.23 4.79 -0.68 -0.45 0.22 23 X Y 201707102137A  
-84.43 -41.66 20 -3.62 0.96 2.66 -0.38 0.35 -0.67 23 X Y 201707110144A  
-79.90 0.67 24 0.98 0.16 -1.14 0.20 -1.36 -0.24 24 X Y 201707111209A  
-49.09 -60.52 13 -0.42 0.83 -0.41 1.07 1.88 6.45 23 X Y 201707112238A  
-73.34 -35.50 12 0.94 0.04 -0.98 -0.11 -1.73 -0.30 24 X Y 201707120908A  
-89.90 13.21 48 3.34 -2.79 -0.55 0.37 -0.59 1.51 23 X Y 201707121008A  
-69.12 -28.89 112 -1.93 0.61 1.32 -0.36 0.97 0.93 23 X Y 201707131526A  
-72.70 -33.80 14 0.94 -0.07 -0.86 -0.17 -1.15 -0.19 24 X Y 201707141200A  
-73.65 -16.70 66 2.89 -6.11 3.22 2.43 -0.98 1.53 25 X Y 201707180205A  
-88.73 -41.41 19 -0.56 1.35 -0.79 -1.12 0.12 -2.93 23 X Y 201707181651A  
-69.19 -23.92 109 -0.58 0.01 0.57 0.33 0.11 -0.75 24 X Y 201707192322A  
-25.53 0.89 19 -0.58 0.81 -0.23 0.97 0.52 -1.88 23 X Y 201707201324A  
-74.38 -15.89 53 -2.09 0.30 1.79 0.70 -1.22 1.62 23 X Y 201707211522A  
-28.27 -55.96 76 0.84 -3.33 2.49 -1.27 -1.93 1.80 23 X Y 201707212209A  
-69.25 -21.37 56 -3.83 6.21 -2.37 -5.43 -1.83 -1.74 23 X Y 201707220629A  
-11.29 -6.18 18 -2.06 0.23 1.83 1.28 -0.19 -0.44 23 X Y 201707240455A  
-11.90 -47.36 23 -0.72 1.84 -1.13 -0.49 -1.07 -2.89 23 X Y 201707241833A  
-30.49 1.44 13 -1.39 -0.05 1.44 1.61 -0.01 -0.31 23 X Y 201707252347A  
-69.65 -23.89 89 -3.34 0.02 3.32 0.25 -1.09 -0.12 23 X Y 201707261011A  
-49.39 13.42 29 -0.75 1.05 -0.30 -0.09 0.55 0.37 25 X Y 201707271753A  
-86.38 -41.34 18 -0.18 0.97 -0.79 -0.88 0.11 -4.84 23 X Y 201707291724A  
-30.85 -54.99 30 3.53 -1.59 -1.94 -4.00 1.11 3.01 23 X Y 201707312131A  
-4.06 -52.96 19 0.11 -0.87 0.76 0.00 -0.39 0.19 24 X Y 201708010423A  
-69.04 -28.68 119 -2.23 0.52 1.72 -1.10 1.53 -1.58 24 X Y 201708010613A  
-49.37 13.38 31 -0.19 -0.49 0.68 -0.31 -0.01 0.64 24 X Y 201708020016A  
-70.58 -33.17 96 -0.88 0.22 0.66 -0.54 -0.48 1.06 24 X Y 201708020715A  
-3.67 -53.54 12 -1.12 0.36 0.76 0.33 -0.53 -0.51 24 X Y 201708021616A  
-71.28 -28.61 24 -0.28 0.08 0.21 0.97 2.23 0.22 24 X Y 201708022003A  
-77.94 -10.48 29 -1.41 0.75 0.65 -1.96 2.34 -0.14 23 X Y 201708032317A  
-12.00 -5.69 14 2.28 -4.38 2.10 1.06 4.41 0.11 23 X Y 201708061956A  
-86.15 9.43 12 -2.79 1.51 1.29 -0.39 -0.18 -1.18 23 X Y 201708071047A  
-72.18 6.54 15 -1.04 1.82 -0.77 -0.45 0.63 1.22 23 X Y 201708082043A  
-13.60 -24.96 15 -0.16 -0.61 0.78 0.11 0.31 1.35 24 X Y 201708100951A  
-73.85 -16.46 51 2.42 0.27 -2.69 -0.00 -1.42 1.48 24 X Y 201708112145A  
-67.43 -28.05 146 -4.35 -0.71 5.06 -0.71 -0.07 -0.71 23 X Y 201708112357A  
-30.00 -55.60 12 -0.68 -0.06 0.75 -0.11 0.21 -0.05 24 X Y 201708121014A  
-72.26 -30.39 13 3.25 -0.09 -3.16 -0.63 -2.81 -0.44 24 X Y 201708121254A  
-71.28 -19.95 19 5.35 0.01 -5.36 0.48 -5.15 1.42 23 X Y 201708121559A  
-74.64 -10.72 39 0.49 4.59 -5.08 -2.09 -3.09 0.19 24 X Y 201708131651A  
-82.37 -44.02 24 -7.60 1.91 5.70 -0.03 -0.33 -1.31 23 X Y 201708150224A  
-72.25 -30.06 18 5.03 -0.07 -4.95 -0.71 -3.27 0.09 23 X Y 201708151903A  
-32.62 4.29 19 -2.49 0.49 1.99 0.56 0.81 -0.13 23 X Y 201708160832A  
-13.47 -24.97 21 -0.28 -1.85 2.13 -0.11 -0.26 2.63 23 X Y 201708161946A  
-12.35 -5.54 12 5.37 -5.46 0.09 -2.22 2.47 -0.26 23 X Y 201708170852A  
-14.15 -0.87 22 -0.12 0.52 -0.40 0.10 0.20 -0.97 26 X Y 201708180259A  
-14.55 -0.98 23 -0.28 1.22 -0.93 -0.26 0.74 -1.93 23 X Y 201708181535A  
-66.28 19.09 40 1.73 -1.85 0.12 -0.36 1.59 1.72 23 X Y 201708182013A  
-77.44 -45.70 24 1.42 1.52 -2.94 0.28 -2.10 -3.87 23 X Y 201708182031A  
-29.33 -55.78 12 -2.77 1.34 1.43 0.28 0.78 0.90 23 X Y 201708190733A  
-86.79 12.46 178 1.01 0.22 -1.23 0.98 -1.35 0.06 23 X Y 201708201539A  
-75.50 -13.97 86 -0.34 4.47 -4.13 -2.00 1.62 -1.28 23 X Y 201708201742A  
-15.83 -44.81 14 -2.08 0.94 1.13 -1.09 0.65 -0.75 23 X Y 201708250424A  
-8.50 -49.18 27 -0.01 1.95 -1.95 -0.58 -0.15 -2.60 23 X Y 201708250431A  
-82.62 6.15 24 2.26 -1.40 -0.86 1.96 0.03 8.34 23 X Y 201708260812A  
-4.72 -56.78 22 -2.48 0.28 2.20 -1.60 -0.16 1.03 23 X Y 201708261108A  
-83.92 8.98 22 2.71 -2.57 -0.14 0.60 -0.22 0.67 23 X Y 201708271038A  
-29.31 0.84 25 -0.31 0.47 -0.16 -0.01 0.44 -2.52 23 X Y 201708272349A  
-26.49 -59.63 12 6.56 -4.12 -2.44 -1.86 2.46 -1.26 23 X Y 201708291647A  
-73.75 -37.40 29 3.20 0.00 -3.20 -0.13 -3.59 -0.37 23 X Y 201708300315A  
-25.22 -59.67 38 3.62 0.84 -4.46 -0.78 1.30 -1.50 23 X Y 201708300953A  
-62.69 10.80 109 1.75 -0.01 -1.73 1.58 1.29 -0.60 23 X Y 201708311547A  
-85.74 9.87 28 1.24 -0.95 -0.29 0.96 -0.73 0.67 24 X Y 201709010742A  
-84.89 9.57 24 3.10 -2.20 -0.90 1.27 -1.63 1.69 23 X Y 201709021038A  
-88.23 11.78 18 3.38 -2.71 -0.67 2.09 -2.44 1.20 23 X Y 201709030321A  
-24.84 -57.91 39 1.42 0.08 -1.50 -0.08 0.56 0.31 25 X Y 201709040807A  
-85.52 -41.46 14 -1.68 0.62 1.07 0.08 -0.74 -0.65 23 X Y 201709042058A  
-70.22 -19.23 105 -0.52 -0.43 0.95 -0.12 -0.30 -0.28 24 X Y 201709042155A  
-24.82 -57.91 39 2.77 1.26 -4.03 1.34 1.39 -0.31 23 X Y 201709061345A  
-29.03 1.03 24 -0.25 0.36 -0.11 0.17 -0.62 -1.71 23 X Y 201709070400A  
-66.29 -22.49 258 0.04 0.04 -0.08 0.04 -1.07 -0.05 24 X Y 201709091203A  
-83.08 -42.99 18 -0.56 0.96 -0.40 0.12 0.40 -3.54 23 X Y 201709150526A  
-28.17 -55.38 15 1.22 -0.82 -0.41 -0.51 1.81 1.37 24 X Y 201709151848A  
-78.24 -1.52 177 -1.31 1.24 0.07 1.20 -1.35 -0.67 23 X Y 201709160421A  
-14.00 -17.56 12 -3.59 1.95 1.64 0.68 -0.19 -1.85 23 X Y 201709162314A  
-12.67 -18.52 12 -1.83 0.40 1.43 0.23 -0.26 -0.69 24 X Y 201709180528A  
-72.15 -31.91 22 3.84 0.01 -3.85 0.09 -3.69 0.42 24 X Y 201709181346A  
-4.14 -52.97 15 0.25 -2.22 1.97 0.16 -0.38 -0.26 23 X Y 201709182057A  
-71.45 -16.43 133 -1.13 0.15 0.98 -0.08 -0.16 -0.71 24 X Y 201709200526A  
-11.42 -6.15 12 -2.88 0.41 2.47 0.98 0.75 -0.65 23 X Y 201709220434B  
-69.04 -30.74 130 0.41 4.37 -4.78 1.98 -1.95 0.09 23 X Y 201709231725A  
-12.17 -2.43 13 -2.14 0.12 2.02 -1.99 -1.61 -0.52 23 X Y 201709262230A  
-84.60 2.16 20 -1.91 1.93 -0.02 0.73 0.09 0.21 23 X Y 201709280921A  
-84.35 3.14 20 -0.99 1.34 -0.36 0.61 1.14 5.85 23 X Y 201709281911A  
-73.27 7.58 140 -6.42 1.25 5.16 1.04 -4.06 2.11 23 X Y 201710010135A  
-11.60 -5.46 20 -1.90 -0.04 1.94 -0.63 -0.01 -0.23 23 X Y 201710011645A  
-76.52 -45.94 27 0.08 1.66 -1.74 -0.06 -1.31 -2.66 23 X Y 201710011648A  
-88.62 12.03 19 0.59 -0.48 -0.11 0.44 -0.44 0.20 24 X Y 201710021022A  
-28.56 -55.22 12 1.45 -1.85 0.39 -1.76 2.69 2.13 23 X Y 201710031904A  
-49.35 13.51 19 0.35 1.56 -1.90 -0.31 -0.92 2.80 24 X Y 201710032039A  
-85.22 -41.52 24 -0.43 0.36 0.07 0.22 0.02 -1.69 23 X Y 201710040430A  
-68.49 -22.34 139 -1.77 0.30 1.47 0.50 -0.38 -0.95 24 X Y 201710050811A  
-82.91 -43.00 20 -0.25 0.70 -0.45 -0.24 0.77 -1.83 23 X Y 201710051001A  
-82.78 -43.01 15 -0.34 0.42 -0.08 0.48 1.20 -1.47 23 X Y 201710051133A  
-25.76 0.92 17 -0.28 0.69 -0.41 0.86 0.06 -2.58 24 X Y 201710060203A  
-15.47 -35.27 21 0.12 -2.29 2.17 -0.18 0.64 4.27 24 X Y 201710061741A  
-78.14 -1.73 162 -0.87 0.67 0.20 0.08 -0.28 -0.50 24 X Y 201710070926A  
-88.23 11.79 17 1.82 -1.37 -0.44 1.11 -1.58 0.57 23 X Y 201710080338A  
-77.70 -1.75 189 -1.82 0.75 1.07 2.24 -2.23 -1.52 23 X Y 201710090415A  
-89.25 -41.29 15 -0.47 1.17 -0.70 -1.58 0.66 -4.53 23 X Y 201710090627A  
-69.86 -18.58 106 -1.35 0.28 1.07 0.72 -2.89 -0.40 25 X Y 201710100632A  
-24.32 -56.29 21 -2.98 1.41 1.57 0.86 0.26 -0.98 23 X Y 201710120312A  
-65.53 -31.03 185 0.01 -0.81 0.80 -1.01 0.03 -2.46 24 X Y 201710121859A  
-88.82 12.71 44 3.03 -2.50 -0.53 0.77 -0.57 1.80 23 X Y 201710140619A  
-73.41 -14.47 87 -1.33 -0.92 2.24 0.48 -0.88 0.94 23 X Y 201710142053A  
-72.92 -32.26 22 -2.28 1.36 0.92 0.50 0.10 0.58 23 X Y 201710151059A  
-27.85 1.18 16 -0.92 1.80 -0.89 0.79 0.85 -4.99 23 X Y 201710161808A  
-74.36 -35.50 19 -3.32 0.59 2.72 0.32 0.80 1.37 23 X Y 201710161929A  
-29.65 -55.63 17 -2.25 0.38 1.87 0.19 0.39 -0.32 23 X Y 201710170659A  
-24.24 -1.02 13 -0.74 1.09 -0.36 1.00 -0.29 -2.68 23 X Y 201710172226A  
-88.11 12.47 64 1.27 -1.46 0.19 1.26 -1.44 1.20 23 X Y 201710172303A  
-35.72 7.45 12 -0.27 0.02 0.25 0.21 -0.30 -1.59 24 X Y 201710192223A  
-74.00 -15.15 135 -2.59 -3.37 5.96 -0.72 -1.57 -1.78 23 X Y 201710220137A  
-70.46 18.59 23 2.06 -0.60 -1.46 0.18 -0.41 0.97 23 X Y 201710291744A  
-74.67 -10.68 128 -1.34 0.03 1.32 -0.08 -1.02 -1.05 24 X Y 201710301712A  
-25.97 -60.23 38 3.14 -4.31 1.17 3.14 1.63 -0.05 23 X Y 201710312226A  
-25.19 -56.57 27 2.93 -0.17 -2.76 1.03 1.70 1.12 23 X Y 201711011858A  
-85.31 1.28 15 -0.02 0.32 -0.30 -0.06 0.35 1.32 23 X Y 201711030046A  
-76.07 2.48 169 -5.26 2.14 3.12 -3.41 -2.33 2.25 23 X Y 201711040016A  
-60.97 11.64 55 1.20 0.37 -1.57 -0.58 1.37 -0.47 24 X Y 201711051500A  
-78.08 19.74 15 -1.27 -0.35 1.62 0.76 -0.85 0.91 23 X Y 201711090319A  
-67.22 -24.24 193 -2.27 0.77 1.50 0.38 -2.04 -0.75 23 X Y 201711100116A  
-84.32 -41.60 12 -5.11 -0.08 5.18 1.30 -1.22 -1.17 24 X Y 201711101201A  
-14.19 -11.71 12 0.30 -1.41 1.11 -0.92 0.17 1.96 23 X Y 201711102336A  
-14.25 -11.69 12 0.02 -0.81 0.79 -0.28 0.11 1.73 25 X Y 201711110036A  
-82.19 -44.91 13 -2.06 -0.04 2.10 0.94 0.19 -0.46 23 X Y 201711120334A  
-84.58 9.45 30 0.71 -0.59 -0.12 0.58 -0.33 0.31 26 X Y 201711130228A  
-87.25 11.70 30 -2.45 0.74 1.71 1.72 -0.53 2.09 23 X Y 201711141946A  
-83.93 8.69 15 6.29 -4.74 -1.55 3.75 -1.79 2.75 23 X Y 201711142121A  
-16.90 -59.25 17 -0.10 -0.61 0.71 0.11 -0.01 2.21 24 X Y 201711150202A  
-62.83 -58.59 18 -0.42 -2.15 2.56 2.44 0.27 8.68 23 X Y 201711161551A  
-40.28 8.62 27 -0.65 0.16 0.49 -0.58 1.60 -2.93 23 X Y 201711161958A  
-82.64 4.87 19 -0.03 0.07 -0.04 0.23 0.11 1.07 24 X Y 201711162018A  
-13.17 -15.74 21 -2.13 0.79 1.34 -0.78 -0.39 -0.50 23 X Y 201711170046A  
-79.98 -2.46 91 -0.75 -0.57 1.32 0.82 0.15 0.69 24 X Y 201711171340A  
-69.45 -19.71 122 -3.01 -0.30 3.31 -0.26 -2.11 -1.65 23 X Y 201711171645A  
-79.80 -2.93 25 0.02 1.01 -1.03 1.81 -2.64 0.05 24 X Y 201711180423A  
-71.90 8.48 27 4.58 -2.37 -2.21 -1.32 -0.09 -1.95 23 X Y 201711180554A  
-69.23 -20.54 131 -1.14 -0.03 1.17 -0.12 -1.02 -0.58 23 X Y 201711181001A  
-78.03 -1.76 173 -3.01 3.19 -0.18 1.15 -0.42 -4.01 23 X Y 201711192142A  
-40.47 9.42 12 -2.54 0.04 2.50 -1.19 -0.66 -0.90 23 X Y 201711211456A  
-7.50 -50.14 20 -2.26 0.70 1.56 -0.21 -1.41 -0.55 23 X Y 201711240839A  
-74.46 -8.83 144 0.25 -0.18 -0.07 2.27 -4.01 0.90 23 X Y 201711241404A  
-61.90 18.61 24 -0.13 -0.44 0.58 0.00 1.00 -3.27 23 X Y 201711280012A  
-80.12 -1.97 85 0.81 -0.78 -0.02 -1.43 1.45 -0.85 23 X Y 201711280204A  
-14.18 -17.47 18 -2.92 0.30 2.62 -0.15 0.97 -0.34 23 X Y 201711281424A  
-13.54 -31.16 22 -2.34 0.68 1.66 -0.42 1.25 -0.49 23 X Y 201711281838A  
-13.69 -25.72 19 -0.13 -1.29 1.42 0.22 0.56 2.29 24 X Y 201711290336A  
-76.31 -14.40 24 2.69 -0.18 -2.51 0.62 -2.80 1.09 24 X Y 201711290629A  
-68.62 -32.15 131 -2.13 0.72 1.41 -0.43 0.52 1.44 23 X Y 201711291635A  
-23.35 -0.98 15 -0.77 1.70 -0.94 2.28 0.87 -5.74 25 X Y 201711300632A  
-24.85 -58.15 38 2.70 0.58 -3.28 0.21 1.32 0.82 23 X Y 201711302309A  
-82.28 -44.28 19 -2.17 -0.18 2.35 1.35 -1.31 -0.74 23 X Y 201712012002A  
-80.60 -0.58 29 1.29 0.15 -1.44 0.28 -2.03 -0.22 25 X Y 201712031119A  
-40.59 10.00 12 -2.89 -0.50 3.40 2.30 -0.23 -0.05 23 X Y 201712031650A  
-71.30 -19.62 14 1.33 -0.07 -1.26 0.32 -0.89 0.45 24 X Y 201712111900A  
-32.87 5.77 19 -2.18 0.32 1.86 1.15 0.20 -0.43 23 X Y 201712130139A  
-80.92 7.34 14 0.57 0.85 -1.41 -0.37 0.29 1.30 23 X Y 201712140111A  
-27.62 1.10 12 -1.00 0.04 0.96 0.14 -0.04 -0.15 24 X Y 201712161438A  
-67.15 -24.24 193 -2.19 -0.58 2.77 -0.89 -1.82 -0.17 23 X Y 201712170228A  
-80.19 7.43 22 -0.12 1.66 -1.54 -0.40 0.90 2.01 23 X Y 201712170635A  
-67.13 -24.26 204 -3.72 -0.16 3.88 1.21 -2.02 -0.59 23 X Y 201712191820A  
-83.73 -42.57 13 -3.32 0.18 3.14 1.04 0.40 -1.14 23 X Y 201712191858A  
-62.83 18.23 64 1.38 0.54 -1.93 -0.75 -1.65 1.01 23 X Y 201712241512A  
-82.58 6.08 21 0.45 -0.79 0.34 0.82 -0.01 6.03 23 X Y 201712250218A  
-69.35 -17.53 171 -0.90 -1.25 2.15 -0.66 -2.25 2.44 23 X Y 201712261526A  
-11.82 -19.64 12 -1.95 0.27 1.68 1.79 -0.05 -0.01 23 X Y 201712271024A  
-84.59 2.28 19 -0.39 1.35 -0.96 0.92 0.78 4.70 23 X Y 201712271511A  
-70.49 -24.94 67 1.09 0.32 -1.41 0.32 -1.04 0.33 24 X Y 201712280354A  
-32.83 5.75 12 -2.88 -1.69 4.58 1.91 -1.06 0.06 23 X Y 201712281120A  
-69.56 -19.36 126 -2.01 0.11 1.91 1.14 -8.32 3.42 23 X Y 201712300820A  
-89.64 13.11 69 -5.81 4.03 1.78 1.58 -1.99 -3.48 23 X Y 201801031338A  
-18.02 -0.03 23 -0.29 1.12 -0.83 0.41 0.24 -2.66 23 X Y 201801032242A  
-25.29 0.83 19 -0.31 0.41 -0.10 0.23 -0.41 -1.73 23 X Y 201801042245A  
-88.41 12.53 51 0.87 -0.75 -0.12 0.24 -0.06 0.43 24 X Y 201801070855A  
-73.12 6.89 157 1.14 -3.86 2.73 -0.41 1.28 1.13 23 X Y 201801081258A  
-83.86 17.56 17 -0.24 -0.97 1.21 0.12 0.20 2.09 27 X Y 201801100251A  
-84.88 10.75 19 -0.23 -1.61 1.84 -0.40 -0.19 -0.13 23 X Y 201801111703A  
-17.74 0.24 12 -0.51 1.73 -1.22 -0.06 -0.17 -2.65 23 X Y 201801130531A  
-12.41 -6.85 12 0.88 -1.66 0.78 -0.43 0.37 1.69 23 X Y 201801130742A  
-74.78 -15.95 41 5.57 -3.12 -2.44 0.76 -1.53 3.39 26 X Y 201801140918A  
-89.82 12.17 12 -2.35 2.01 0.34 0.10 -0.77 -0.80 23 X Y 201801160824A  
-86.63 10.71 33 0.77 -0.48 -0.29 0.49 -0.38 0.46 25 X Y 201801161503A  
-74.65 -13.35 107 -5.84 1.01 4.83 -0.07 -2.99 1.58 23 X Y 201801190111A  
-72.10 -28.98 39 -0.86 5.23 -4.37 0.06 -4.02 4.01 23 X Y 201801201131A  
-69.66 -18.93 134 -2.39 -0.36 2.75 0.30 -2.75 -0.01 25 X Y 201801210106A  
-13.19 -15.32 13 -2.59 0.50 2.08 -1.21 -2.19 -1.03 23 X Y 201801211256A  
-87.45 11.11 18 2.49 -1.85 -0.63 1.89 -2.62 0.99 23 X Y 201801211906A  
-74.82 -10.42 124 -3.54 0.48 3.06 0.49 0.44 -2.07 23 X Y 201801220053A  
-83.31 16.47 12 0.13 -0.75 0.62 0.31 0.45 1.17 23 X Y 201801221358A  
-32.84 5.78 12 -3.62 -0.02 3.64 1.57 0.75 -0.60 23 X Y 201801221939A  
-32.74 5.71 20 -1.52 -0.00 1.52 0.01 -0.57 -0.17 23 X Y 201801222203A  
-12.39 -5.61 17 1.40 -1.17 -0.23 0.20 0.50 -0.04 24 X Y 201801232309A  
-69.22 -20.33 129 -0.46 -0.17 0.63 0.55 -1.01 0.11 24 X Y 201801240746A  
-13.50 -8.03 12 -0.87 0.03 0.84 0.02 -0.20 -0.01 24 X Y 201801251025A  
-69.15 -18.36 23 -1.76 -1.92 3.67 0.24 -2.37 -0.31 23 X Y 201801251153A  
-47.09 16.22 14 -4.24 4.27 -0.02 -0.95 -0.27 -1.28 23 X Y 201801260728A  
-74.27 -37.63 23 3.67 -0.65 -3.02 0.04 -2.22 -0.22 23 X Y 201801261327A  
-27.01 0.97 15 -0.34 1.23 -0.89 2.62 2.03 -7.07 23 X Y 201801261329A  
-74.27 -37.64 19 2.90 -0.31 -2.59 0.30 -2.28 -0.29 23 X Y 201801261526A  
-27.17 0.80 30 0.14 0.61 -0.75 -0.79 0.87 -2.89 23 X Y 201801261619A  
-62.09 10.21 20 -0.63 -0.27 0.90 -0.60 0.35 -1.89 23 X Y 201801262030A  
-27.18 1.03 19 -0.50 0.72 -0.21 -0.49 -0.07 -2.41 23 X Y 201801262124A  
-86.04 -41.40 17 -0.38 0.93 -0.55 -0.65 0.50 -3.42 23 X Y 201801262130A  
-79.68 7.26 12 -0.21 -0.51 0.71 0.54 -1.78 3.32 24 X Y 201801272145A  
-69.19 -28.26 82 -5.03 1.67 3.36 0.16 -0.33 -2.96 23 X Y 201801281011A  
-79.55 7.30 12 -0.61 -0.10 0.70 -0.86 -0.95 1.90 23 X Y 201801281209A  
-68.78 -31.25 120 -1.30 0.78 0.53 -0.18 0.19 0.75 24 X Y 201801282353A  
-79.56 7.29 12 -1.25 -0.32 1.58 -0.20 0.03 3.18 23 X Y 201801290549A  
-74.78 -16.12 39 1.97 -1.10 -0.86 0.21 -0.12 1.37 24 X Y 201801301423A  
-31.11 2.82 18 -2.79 0.96 1.82 0.71 0.08 -1.32 23 X Y 201801310055A  
-79.65 7.28 12 -0.22 -0.42 0.64 0.14 -0.63 2.47 24 X Y 201801311637A  
-79.66 7.28 12 -0.06 -0.20 0.26 -0.28 -0.16 1.02 24 X Y 201801311641A  
-77.78 -1.80 32 2.91 0.08 -2.99 0.41 -0.28 1.31 23 X Y 201801312313A  
-74.17 -37.52 22 2.20 -0.12 -2.08 -0.25 -1.45 -0.20 23 X Y 201802010012A  
-69.95 -31.50 118 -0.39 0.72 -0.33 1.61 0.58 7.05 23 X Y 201802012313A  
-25.31 -56.26 17 4.05 -0.67 -3.38 -0.83 2.70 2.90 23 X Y 201802031306A  
-13.47 -29.27 17 -0.62 -1.86 2.48 0.43 0.84 4.26 23 X Y 201802040906A  
-70.97 -17.38 46 0.92 -1.10 0.18 -0.61 0.66 -2.13 23 X Y 201802042147A  
-1.33 -55.57 16 -3.07 0.55 2.52 1.49 -1.75 -0.42 23 X Y 201802050955A  
-74.30 -35.37 19 -2.49 1.10 1.40 0.21 0.06 0.77 23 X Y 201802060448A  
-43.24 10.90 27 -0.19 -0.19 0.38 -0.10 0.47 -1.04 24 X Y 201802061317A  
-72.92 -29.33 12 -5.70 1.21 4.49 0.12 0.69 1.76 23 X Y 201802071236A  
-74.19 -37.58 12 1.28 0.09 -1.37 -0.14 -2.18 -0.41 24 X Y 201802082119A  
-18.23 0.05 20 -0.50 0.63 -0.13 0.63 -0.26 -1.97 23 X Y 201802090717A  
-62.10 18.77 51 0.81 -0.87 0.06 -0.27 0.31 -0.14 24 X Y 201802091743A  
-74.26 -16.77 25 0.01 0.62 -0.62 0.99 -0.29 1.12 24 X Y 201802110411A  
-82.86 8.07 12 0.71 -0.42 -0.29 0.16 -0.14 0.45 24 X Y 201802111029A  
-17.84 0.18 12 -0.49 1.56 -1.07 0.47 0.10 -2.46 24 X Y 201802150827A  
-17.39 -35.49 25 -0.56 -1.59 2.15 -2.06 2.99 4.56 23 X Y 201802150830A  
-81.17 -6.09 14 1.49 -0.30 -1.18 0.72 -2.18 0.16 23 X Y 201802160018A  
-81.25 -6.11 21 0.71 -0.16 -0.55 0.08 -0.75 0.09 24 X Y 201802160801A  
-88.38 12.45 50 3.35 -2.65 -0.71 0.28 -0.50 1.49 23 X Y 201802161101A  
-25.24 -58.90 62 3.65 -4.44 0.79 2.83 -2.97 0.67 23 X Y 201802180254A  
-78.79 7.62 13 -1.39 0.73 0.66 0.01 -0.64 0.52 23 X Y 201802181455A  
-76.53 4.24 109 0.51 -2.17 1.66 -0.68 0.27 1.19 23 X Y 201802190150A  
-19.78 -0.29 15 0.03 0.47 -0.50 0.31 -0.03 -1.32 24 X Y 201802200053A  
-27.03 -56.39 118 0.58 0.12 -0.70 -0.44 -0.29 0.57 24 X Y 201802201502A  
-69.26 -19.02 117 -1.99 -0.23 2.22 0.35 -0.11 -0.37 23 X Y 201802210107A  
-86.95 -41.37 20 -0.35 0.08 0.26 -0.04 -0.17 -2.74 23 X Y 201802211313A  
-84.51 2.58 22 -0.50 0.89 -0.39 -0.10 0.04 1.33 23 X Y 201802231211A  
-43.71 12.08 19 -0.58 -0.32 0.91 -0.05 0.35 -1.35 23 X Y 201802232307A  
-88.27 12.63 52 -1.82 -0.20 2.02 1.62 -1.33 -1.33 23 X Y 201802240150A  
-12.33 -28.87 17 -0.06 -1.16 1.22 -0.88 -0.57 2.00 23 X Y 201802242341A  
-82.79 -42.97 14 -4.56 -0.00 4.57 0.93 -0.00 -1.16 23 X Y 201802262100A  
-67.53 -28.32 147 -0.65 -1.13 1.77 -1.53 -0.70 1.13 23 X Y 201802262331A  
-46.31 17.55 14 -2.10 -0.15 2.25 -0.20 -0.25 -0.03 23 X Y 201802282201A  
-63.68 -22.00 543 -1.30 0.13 1.17 -0.88 1.00 0.06 24 X Y 201803020442A  
-76.60 -44.45 13 -1.39 -1.49 2.88 -0.11 -1.32 -2.63 23 X Y 201803021806A  
-68.65 -20.49 131 -1.26 -0.65 1.91 2.23 -1.85 5.11 23 X Y 201803041616A  
-85.82 16.98 28 -0.12 -1.27 1.39 -0.85 0.71 1.71 23 X Y 201803051135A  
-29.18 -55.29 23 1.16 -4.71 3.55 -1.31 4.31 3.81 23 X Y 201803060734A  
-27.80 -56.05 123 4.94 -3.38 -1.56 -0.88 -4.10 1.32 23 X Y 201803061123A  
-82.29 -44.38 12 -1.03 0.02 1.01 0.23 -0.38 -0.19 24 X Y 201803081415A  
-87.37 -48.65 15 2.55 -0.32 -2.23 0.93 0.85 -0.11 23 X Y 201803081651A  
-27.32 -56.38 12 2.28 -1.26 -1.03 -0.81 -0.08 0.24 24 X Y 201803101427A  
-15.12 -1.12 20 -0.14 0.45 -0.30 0.13 0.26 -0.99 25 X Y 201803102145A  
-75.01 -10.35 17 0.32 -0.53 0.22 6.59 -7.44 -0.22 23 X Y 201803131735A  
-14.87 -1.02 23 -0.29 1.21 -0.92 -0.31 0.96 -2.56 23 X Y 201803150515A  
-25.38 -56.50 15 1.19 0.03 -1.22 -0.12 0.62 0.51 24 X Y 201803160925A  
-13.21 -47.62 12 -3.59 -0.08 3.67 0.11 -0.60 -0.44 24 X Y 201803170550A  
-12.26 -3.92 18 -2.10 0.20 1.90 -0.63 0.34 0.37 23 X Y 201803171653A  
-69.19 -18.89 157 -0.08 0.67 -0.60 -0.97 -2.79 1.34 23 X Y 201803172034A  
-69.76 -32.44 113 -0.68 1.68 -1.00 -0.98 1.01 3.27 23 X Y 201803191251A  
-80.77 -44.88 21 -0.29 1.72 -1.43 0.44 0.13 -3.86 23 X Y 201803191424A  
-66.70 -23.94 220 -2.47 0.02 2.45 -0.87 -1.76 0.00 23 X Y 201803201310A  
-26.11 -56.50 41 3.38 -0.74 -2.64 0.94 1.33 1.88 23 X Y 201803230546A  
-84.27 9.54 42 4.33 -2.04 -2.29 0.03 -0.50 2.27 23 X Y 201803230737A  
-44.46 12.70 16 -0.43 -0.54 0.98 0.12 0.35 -2.80 24 X Y 201803230740A  
-11.26 -6.36 12 -2.61 0.51 2.09 1.80 -0.86 -0.58 23 X Y 201803250824A  
-37.92 8.04 12 -5.98 -0.10 6.08 1.02 0.43 0.94 23 X Y 201803251111A  
-37.88 8.15 13 -1.62 0.12 1.50 0.42 0.05 -0.13 23 X Y 201803251151A  
-63.20 -26.88 582 -2.84 0.12 2.71 -0.41 0.70 0.07 24 X Y 201803251428A  
-37.97 8.07 19 -1.60 0.16 1.44 0.40 0.47 -0.22 23 X Y 201803251823A  
-87.08 -41.42 18 -0.83 1.38 -0.55 -0.05 -0.66 -5.38 23 X Y 201803260046A  
-16.78 -40.90 15 -1.90 0.14 1.76 -1.46 0.54 -0.08 23 X Y 201803271608A  
-87.79 11.40 20 1.73 -0.76 -0.96 0.60 -1.75 0.60 23 X Y 201803281605A  
-46.15 17.19 24 -2.84 1.07 1.77 -0.66 -0.85 -0.77 23 X Y 201803290735A  
-82.64 4.74 19 -0.35 -0.07 0.42 -0.25 -0.25 2.87 23 X Y 201803311612A  
-40.56 9.50 12 -2.74 0.01 2.73 0.07 0.50 -0.08 23 X Y 201803312021A  
-72.44 -30.30 23 2.93 -0.36 -2.57 -0.05 -1.73 0.19 23 X Y 201804010114A  
-62.81 -20.63 569 -1.90 -0.12 2.01 0.15 0.79 -0.62 26 X Y 201804021340A  
-89.04 12.96 73 -0.04 1.27 -1.23 6.35 -6.43 0.76 24 X Y 201804022323A  
-13.27 -31.25 12 -0.92 0.07 0.85 -0.18 0.02 -0.20 24 X Y 201804030651A  
-13.30 -31.23 13 -4.55 0.25 4.30 0.72 1.11 -1.36 23 X Y 201804030656A  
-13.39 -30.97 23 -2.47 0.69 1.79 1.36 0.53 -0.46 23 X Y 201804030710A  
-84.45 2.73 12 -2.25 2.37 -0.12 1.82 0.61 0.18 23 X Y 201804031356A  
-84.50 2.71 12 -3.42 3.64 -0.22 2.47 1.23 0.19 23 X Y 201804031555A  
-88.75 13.28 16 2.62 -1.81 -0.81 8.34 -1.17 -0.99 23 X Y 201804031600A  
-84.43 2.71 12 -4.05 4.99 -0.95 3.98 1.77 1.05 23 X Y 201804031659A  
-82.51 5.96 17 -0.43 0.84 -0.41 -0.16 0.42 1.40 23 X Y 201804031733A  
-30.52 -55.26 15 4.58 -4.21 -0.37 -2.60 3.95 2.78 23 X Y 201804040757A  
-24.85 -57.96 37 2.54 1.18 -3.72 0.03 1.25 0.72 23 X Y 201804041724A  
-86.50 -41.46 16 -0.21 1.21 -1.00 0.11 0.30 -1.66 23 X Y 201804041835A  
-74.46 -42.60 37 5.03 -0.68 -4.34 0.35 -4.10 -0.15 23 X Y 201804050632A  
-70.60 -20.27 88 -0.04 -2.12 2.16 -0.44 -1.29 -0.77 24 X Y 201804051112A  
-75.94 -15.25 31 3.60 0.36 -3.97 0.80 -3.64 2.59 23 X Y 201804060040A  
-64.58 19.03 49 2.12 -1.97 -0.15 -0.29 1.73 2.13 23 X Y 201804062121A  
-47.72 18.55 12 -3.26 3.93 -0.67 -0.81 0.88 0.55 23 X Y 201804080112A  
-72.81 -14.11 111 -1.78 -1.97 3.74 1.47 0.35 -0.83 23 X Y 201804081424A  
-27.34 -57.79 247 1.26 -3.90 2.64 1.82 -1.26 -0.72 24 X Y 201804090020A  
-84.24 8.42 21 1.97 -0.90 -1.08 0.53 -2.00 2.79 23 X Y 201804090337A  
-83.44 17.60 18 0.64 -1.45 0.81 1.39 0.16 1.53 23 X Y 201804090432A  
-71.58 -31.05 82 -2.20 1.25 0.95 0.52 -1.83 -0.68 25 X Y 201804101019A  
-16.90 -35.57 14 -0.37 -1.41 1.79 -0.29 0.62 3.47 23 X Y 201804102142A  
-26.79 -56.46 106 -0.22 2.47 -2.24 -1.52 2.44 4.04 23 X Y 201804121629A  
-36.71 -61.61 13 -1.09 3.45 -2.35 -3.15 -3.86 1.99 23 X Y 201804140817A  
-12.54 -28.43 12 -2.65 -0.02 2.67 1.62 2.23 -0.78 23 X Y 201804141719A  
-5.82 -56.76 20 -0.22 -1.46 1.69 0.13 -1.32 2.70 23 X Y 201804160333A  
-68.86 -21.36 128 -3.51 -0.49 4.00 0.60 -0.99 -1.62 23 X Y 201804171346A  
-27.98 -55.22 22 4.68 -3.50 -1.18 -0.22 0.62 1.10 23 X Y 201804172317A  
-82.63 5.06 19 0.07 0.09 -0.16 0.18 0.13 1.53 24 X Y 201804180616A  
-13.34 -24.83 23 -4.67 0.62 4.05 -0.35 0.33 -0.48 23 X Y 201804181250A  
-6.48 -0.25 19 4.35 -3.18 -1.17 0.49 1.51 -1.41 23 X Y 201804181307A  
-68.83 -22.53 137 -0.61 -0.20 0.80 0.39 -3.36 1.86 23 X Y 201804230600A  
-75.69 5.20 123 -0.97 -0.46 1.43 -0.52 0.05 -0.13 24 X Y 201804231542A  
-88.03 12.29 50 2.77 -2.07 -0.69 0.26 -0.29 1.48 24 X Y 201804240229A  
-31.41 -60.44 12 -2.72 0.24 2.48 0.54 1.94 6.29 23 X Y 201804242138A  
-66.83 -24.17 217 -1.18 -3.26 4.44 -1.42 -2.08 -2.95 23 X Y 201804270201A  
-68.02 10.27 23 -0.76 1.19 -0.42 0.07 -0.31 -1.56 23 X Y 201804270844A  
-87.31 10.57 21 -2.44 1.93 0.51 -1.09 0.87 -1.13 23 X Y 201804281553A  
-70.06 -33.30 103 -3.28 -1.01 4.29 -0.14 -0.92 -0.69 23 X Y 201805021609A  
-13.34 -31.26 17 -1.57 -0.37 1.94 1.55 -0.09 -0.28 23 X Y 201805021912A  
-11.51 -5.62 13 -2.15 0.03 2.11 0.29 -0.07 -0.36 23 X Y 201805022334A  
-11.48 -5.59 12 -2.46 0.12 2.34 0.94 -0.60 -0.36 23 X Y 201805030003A  
-71.72 -29.67 52 1.07 4.25 -5.32 1.34 -0.65 0.67 23 X Y 201805042025A  
-86.42 10.36 25 4.12 -2.46 -1.66 3.20 -3.54 2.19 23 X Y 201805051205A  
-72.48 -34.23 31 0.70 0.00 -0.70 -0.08 -0.70 -0.24 24 X Y 201805060244A  
-88.09 13.24 21 -0.66 1.74 -1.08 -0.39 0.55 -4.01 23 X Y 201805060458A  
-88.11 13.25 15 -0.75 1.44 -0.69 -0.87 3.05 -8.39 23 X Y 201805061237A  
-88.16 13.29 18 -0.71 -0.49 1.20 -3.34 0.57 -7.45 23 X Y 201805061244A  
-88.14 13.32 20 -1.36 -1.85 3.21 -2.78 1.37 -7.52 23 X Y 201805061452A  
-88.13 13.25 21 -0.39 -0.13 0.53 -0.26 0.25 -1.82 24 X Y 201805061902A  
-11.92 -19.19 21 -2.20 1.07 1.14 -0.73 -1.65 -0.78 23 X Y 201805070419A  
-40.40 9.54 27 -2.54 0.59 1.95 0.03 -0.53 -0.22 23 X Y 201805071827A  
-88.13 13.31 30 -0.95 -1.62 2.57 -0.10 0.06 -0.93 23 X Y 201805082307A  
-67.06 -24.15 214 -2.56 -0.10 2.66 0.10 -0.95 -0.19 23 X Y 201805110119A  
-26.71 -55.80 21 1.36 -0.42 -0.94 -0.27 1.27 0.96 24 X Y 201805141814A  
-26.68 -55.78 23 1.19 -0.39 -0.80 -0.21 1.02 0.71 24 X Y 201805150817A  
-76.54 -12.57 81 3.40 -0.73 -2.67 -3.27 6.10 1.39 23 X Y 201805171107A  
-26.47 -55.51 18 3.99 -2.36 -1.62 -2.88 2.16 2.20 23 X Y 201805180616A  
-26.47 -55.85 14 2.31 -1.28 -1.03 -1.23 0.88 1.16 23 X Y 201805180635A  
-15.70 -33.07 12 5.68 -4.69 -0.98 -3.13 1.54 -1.59 23 X Y 201805181053A  
-82.69 3.91 12 0.17 -0.06 -0.11 0.03 0.51 1.71 24 X Y 201805181243A  
-82.68 3.91 12 0.28 0.25 -0.53 0.61 3.02 7.50 23 X Y 201805181356A  
-14.26 -14.05 12 -0.04 0.33 -0.30 0.11 -0.80 -1.25 23 X Y 201805211750A  
-78.56 0.57 27 -0.87 3.73 -2.86 1.50 1.07 -0.01 23 X Y 201805221336A  
-80.65 -8.89 12 5.49 -0.81 -4.69 0.07 -6.62 1.23 23 X Y 201805222212A  
-36.31 7.58 16 -0.43 -0.12 0.54 0.60 -0.13 -3.85 24 X Y 201805230544A  
-82.69 7.23 17 4.38 -3.85 -0.53 -3.75 0.32 2.27 23 X Y 201805231242A  
-29.37 0.88 19 -0.23 0.54 -0.31 0.31 0.47 -3.26 24 X Y 201805242311A  
-68.71 -31.30 119 -4.08 0.39 3.70 0.67 0.53 1.43 23 X Y 201805282059A  
-69.15 -20.31 149 -0.88 -1.21 2.09 1.33 -2.04 0.36 23 X Y 201805290116A  
-24.98 0.59 18 -1.78 0.02 1.76 -0.25 -0.15 -0.12 23 X Y 201805290736A  
-73.90 -38.35 29 0.66 0.03 -0.69 0.04 -0.90 0.06 24 X Y 201806020617A  
-26.45 1.07 12 -0.89 2.34 -1.45 0.74 -0.01 -6.13 23 X Y 201806030300A  
-69.85 18.96 106 0.73 -0.48 -0.25 1.05 0.18 1.37 23 X Y 201806030913A  
-21.96 -0.38 15 -0.54 0.87 -0.34 0.66 1.32 -1.71 23 X Y 201806061742A  
-24.93 -58.57 51 3.26 0.28 -3.55 -0.37 0.73 0.30 24 X Y 201806061851A  
-10.54 -41.36 36 0.03 2.36 -2.39 -0.22 0.88 3.52 23 X Y 201806070849A  
-15.77 -39.80 12 -0.90 -0.83 1.73 -1.43 0.77 2.78 23 X Y 201806081222A  
-82.64 4.97 19 -0.48 0.56 -0.08 0.72 0.68 4.55 23 X Y 201806102319A  
-80.52 7.38 17 -0.12 0.01 0.11 -0.16 0.37 0.92 24 X Y 201806132354A  
-76.46 -45.99 15 -0.22 1.63 -1.40 1.08 -1.83 -2.88 24 X Y 201806140627A  
-25.83 0.91 15 -0.07 0.37 -0.30 0.47 0.20 -1.94 24 X Y 201806141812A  
-28.18 1.17 15 -0.20 0.62 -0.42 0.32 0.73 -4.55 23 X Y 201806161551A  
-15.79 -39.40 12 -2.20 0.05 2.15 -0.14 -0.21 0.29 23 X Y 201806170145A  
-82.62 6.19 20 0.16 -0.30 0.14 0.53 -0.01 2.39 23 X Y 201806180414A  
-13.13 -47.41 20 -3.63 -0.18 3.81 -2.48 -0.48 0.07 23 X Y 201806180817A  
-40.20 9.20 30 -2.39 -0.18 2.57 0.85 -1.33 -0.14 23 X Y 201806180916A  
-18.36 0.03 17 -0.88 2.34 -1.46 1.04 -0.35 -4.63 23 X Y 201806190004A  
-66.80 -23.95 234 -3.76 -0.06 3.82 0.00 -1.34 0.37 23 X Y 201806200109A  
-76.12 7.09 29 2.03 -0.80 -1.23 -0.94 -0.78 -0.86 23 X Y 201806202012A  
-67.21 -24.29 196 -3.08 -0.02 3.10 0.05 -2.58 -0.30 24 X Y 201806211608A  
-62.47 10.74 106 0.50 -0.03 -0.47 0.93 0.35 0.18 24 X Y 201806230154A  
-79.85 -44.67 25 -0.84 2.58 -1.74 -1.39 0.01 -5.75 23 X Y 201806230231A  
-31.34 3.31 12 -1.67 0.13 1.54 -0.05 -0.57 -0.37 24 X Y 201806251052A  
-29.59 -59.77 17 -0.72 -1.22 1.94 0.34 1.26 2.27 24 X Y 201806260148A  
-85.32 0.96 15 0.16 0.52 -0.67 -0.79 0.25 1.75 23 X Y 201806261525A  
-16.83 -35.49 15 0.11 -0.68 0.57 -0.19 0.40 1.29 24 X Y 201806271001A  
-13.61 -8.29 22 -2.62 0.62 2.00 -0.28 -0.04 0.07 23 X Y 201806301107A  
-13.54 -8.27 23 -2.45 0.21 2.24 -0.21 -0.85 0.11 23 X Y 201806301205A  
-29.05 -60.45 15 -0.05 0.63 -0.58 -0.17 -0.52 -0.87 24 X Y 201807020309A  
-15.90 -39.59 12 -1.47 0.34 1.14 1.34 0.44 -0.28 23 X Y 201807020547A  
-69.25 -23.30 101 -0.42 0.82 -0.40 0.12 -1.68 0.63 23 X Y 201807020929A  
-37.96 8.22 12 -1.37 1.01 0.36 1.28 0.68 -2.12 23 X Y 201807030150A  
-15.44 -1.21 12 -0.18 0.62 -0.44 0.35 0.38 -1.10 24 X Y 201807110547A  
-73.60 -35.65 16 2.63 -0.03 -2.60 -0.40 -4.46 -0.94 23 X Y 201807161029A  
-74.61 3.42 41 1.24 0.69 -1.93 1.20 0.22 1.43 23 X Y 201807190539A  
-27.68 -60.67 12 -2.44 0.82 1.61 -1.01 2.56 -2.41 23 X Y 201807192330A  
-27.52 -60.68 12 -1.62 1.82 -0.20 -3.33 -0.33 -6.59 23 X Y 201807200024A  
-27.69 -60.74 12 -0.42 -1.37 1.79 -4.83 1.44 -7.19 23 X Y 201807200424A  
-62.99 -27.96 602 -2.72 2.47 0.25 -0.69 1.94 0.26 24 X Y 201807201024A  
-68.79 -22.32 134 -0.65 -1.65 2.30 0.91 -7.06 1.55 23 X Y 201807211439A  
-85.35 1.16 22 0.40 1.73 -2.12 -0.33 0.15 6.35 23 X Y 201807212001A  
-84.47 2.62 14 -0.72 0.71 0.01 -0.15 -0.31 1.31 23 X Y 201807230610A  
-19.18 -0.18 12 -0.12 0.37 -0.25 0.27 0.02 -0.97 25 X Y 201807231036A  
-88.16 12.72 76 0.80 -1.31 0.51 0.55 -1.47 0.89 23 X Y 201807241051A  
-27.21 -56.08 125 2.81 -3.85 1.04 -0.14 -1.76 2.67 24 X Y 201807251945A  
-25.92 -56.87 69 -0.16 0.71 -0.55 -0.48 0.60 -0.20 24 X Y 201807261256A  
-88.57 12.47 45 1.18 -1.05 -0.13 0.22 -0.22 0.70 24 X Y 201807272042A  
-68.72 -24.30 125 -1.46 0.38 1.08 0.35 -1.18 -1.57 23 X Y 201807312035A  
-34.10 7.23 16 -0.10 0.33 -0.23 0.94 0.48 -3.18 23 X Y 201808011352A  
-21.69 -0.69 21 -0.69 2.26 -1.58 1.83 0.80 -6.65 24 X Y 201808031850A  
-69.59 -19.59 117 -3.27 -0.35 3.62 -0.57 -7.03 -2.59 23 X Y 201808040102A  
-78.63 10.01 42 1.85 -1.77 -0.08 0.84 0.64 0.48 23 X Y 201808061758A  
-73.18 6.90 153 0.30 -0.24 -0.05 0.52 0.05 1.38 24 X Y 201808071554A  
-16.63 -41.18 12 -5.25 0.00 5.24 -1.11 -0.53 -0.82 23 X Y 201808072109A  
-41.18 -60.82 15 0.77 -0.26 -0.50 0.54 1.60 2.99 23 X Y 201808081914A  
-89.68 12.20 12 -3.22 1.92 1.31 0.77 1.04 -1.51 23 X Y 201808090026A  
-14.55 -12.54 23 -2.54 0.63 1.90 0.62 -0.32 -0.12 23 X Y 201808100638A  
-14.57 -12.79 28 -1.52 0.40 1.13 0.04 0.03 -0.04 24 X Y 201808100717A  
-13.23 -17.68 13 -0.52 1.78 -1.26 0.95 0.24 -3.33 23 X Y 201808100924A  
-14.61 -12.82 12 -6.22 0.64 5.58 0.95 3.74 -1.08 23 X Y 201808120256A  
-24.67 -58.27 32 1.19 -1.40 0.21 0.86 -0.66 -0.40 25 X Y 201808140329A  
-24.59 -58.26 36 5.01 -3.31 -1.70 -1.58 -1.89 -1.17 23 X Y 201808141813A  
-82.62 4.85 19 -0.17 0.86 -0.69 0.60 0.66 7.93 23 X Y 201808142349A  
-83.19 8.64 22 1.69 -1.34 -0.36 0.28 -0.14 0.75 25 X Y 201808172322A  
-23.70 -1.03 17 -0.76 1.19 -0.42 2.22 -0.08 -4.40 23 X Y 201808181422A  
-77.29 8.76 22 2.24 -1.98 -0.26 -2.29 -0.07 1.30 24 X Y 201808181939A  
-24.52 -0.87 15 -2.11 0.31 1.80 0.52 -0.13 -0.32 23 X Y 201808201801A  
-63.05 10.76 160 0.65 -0.54 -0.11 0.64 -0.17 -0.45 27 X Y 201808212131A  
-62.82 10.78 110 3.01 -2.52 -0.49 4.99 -0.81 -2.24 24 X Y 201808221327A  
-69.55 -17.26 173 -0.41 -0.91 1.32 1.85 -5.57 1.19 23 X Y 201808230944A  
-87.84 -41.37 13 -1.40 1.33 0.08 0.72 -0.62 -5.46 23 X Y 201808240133A  
-70.82 -11.18 628 -4.95 0.68 4.27 -0.60 2.10 -1.77 26 X Y 201808240904A  
-88.95 -41.45 24 -1.01 0.73 0.28 -0.27 0.52 -1.80 23 X Y 201808250430A  
-71.61 -29.65 49 3.62 0.66 -4.27 -1.20 0.89 -1.16 23 X Y 201808270916A  
-58.41 -61.83 53 1.86 -2.07 0.22 -0.68 -1.26 1.75 24 X Y 201808272009A  
-71.49 -29.63 52 0.71 -0.02 -0.69 -0.04 0.41 -0.36 24 X Y 201808280451A  
-83.12 8.60 21 1.64 -1.18 -0.46 0.29 -0.19 0.81 24 X Y 201808292133A  
-37.41 7.72 12 -0.36 -0.02 0.38 -0.32 0.99 -2.53 23 X Y 201808300534A  
-82.98 8.61 24 2.14 -1.73 -0.41 0.07 0.25 0.88 23 X Y 201808300802A  
-70.21 -32.26 115 -2.86 -0.85 3.71 -1.86 0.64 1.72 23 X Y 201808311325A  
-28.06 -55.75 20 -1.95 0.46 1.49 -0.57 1.63 1.32 23 X Y 201809021426A  
-24.72 -58.06 39 3.52 0.39 -3.91 -0.38 1.58 0.46 24 X Y 201809032035A  
-85.36 1.32 13 -0.05 1.75 -1.70 -0.41 1.81 7.49 24 X Y 201809032337A  
-24.92 -58.13 58 0.98 -0.38 -0.60 -1.86 -0.07 2.28 23 X Y 201809041332A  
-24.97 -58.03 45 2.82 0.80 -3.63 0.22 0.69 0.37 23 X Y 201809041437A  
-24.34 -58.39 24 4.17 1.26 -5.43 -0.57 2.27 1.12 23 X Y 201809041838A  
-24.39 -58.46 23 3.07 0.28 -3.35 0.45 1.29 -0.50 24 X Y 201809050036A  
-24.44 -58.54 22 1.45 0.20 -1.65 0.52 0.46 -0.51 24 X Y 201809050333A  
-24.35 -58.54 26 0.69 0.02 -0.71 0.12 0.12 -0.09 24 X Y 201809050510A  
-25.62 -60.05 45 2.21 -0.62 -1.59 -2.15 -1.15 0.08 23 X Y 201809061001A  
-77.54 8.05 22 1.94 -1.34 -0.60 0.50 0.76 -0.75 24 X Y 201809070147A  
-78.95 -2.39 108 -2.10 -0.19 2.29 0.70 -1.09 -1.14 25 X Y 201809070212A  
-70.16 -28.84 122 -5.02 4.73 0.30 1.58 -0.50 -2.90 24 X Y 201809070239A  
-69.78 -30.39 141 -0.00 -2.43 2.43 -1.03 -1.88 -0.08 23 X Y 201809072312A  
-81.99 -4.58 15 4.63 -0.24 -4.39 -0.47 -3.94 -0.02 23 X Y 201809081438A  
-77.66 -45.85 25 -0.06 0.90 -0.84 -0.29 -0.83 -2.61 23 X Y 201809110049A  
-86.94 12.18 109 -0.12 -0.19 0.30 1.20 -1.29 -0.47 24 X Y 201809120629A  
-88.04 13.23 21 -0.10 -0.44 0.54 -0.73 0.64 -3.16 23 X Y 201809121535A  
-13.71 -14.29 17 -2.05 1.20 0.85 -0.71 -0.43 -0.65 23 X Y 201809130827A  
-83.12 8.74 24 1.99 -1.27 -0.73 -0.00 0.31 0.68 23 X Y 201809140136A  
-74.57 -7.63 147 -5.35 -0.37 5.73 0.28 -0.39 0.52 23 X Y 201809140412A  
-85.73 -41.24 21 -3.30 0.68 2.62 0.63 0.01 -0.23 23 X Y 201809140419A  
-71.53 -16.05 150 -0.29 -1.38 1.67 -0.56 -0.43 -0.99 24 X Y 201809141120A  
-70.56 -19.44 108 -2.34 -1.41 3.74 -0.88 -1.28 -3.10 23 X Y 201809191842A  
-16.23 -34.60 13 3.05 -2.94 -0.11 -2.08 -1.68 0.95 23 X Y 201809201404A  
-81.13 13.25 16 -0.72 -0.81 1.53 -0.18 0.50 1.71 23 X Y 201809210207A  
-12.57 -6.86 15 -0.55 -1.49 2.04 0.31 0.92 3.64 23 X Y 201809211230A  
-12.58 -6.85 15 -0.14 -1.42 1.55 -0.35 0.33 2.49 23 X Y 201809220357A  
-12.66 -6.84 19 -0.91 -3.34 4.25 -0.56 0.76 7.03 23 X Y 201809220842A  
-71.13 -25.80 34 1.29 -0.15 -1.15 -0.33 0.38 -0.68 24 X Y 201809221313A  
-12.73 -6.86 18 -0.39 -1.32 1.71 0.19 0.12 2.33 23 X Y 201809221831A  
-81.15 13.17 12 -0.28 -1.08 1.36 0.10 0.12 1.79 23 X Y 201809230437A  
-70.35 -24.43 66 1.01 0.20 -1.21 0.41 -1.40 0.17 24 X Y 201809230532A  
-71.10 19.78 22 0.84 -0.85 0.02 -0.40 0.43 0.41 24 X Y 201809230545A  
-87.07 10.78 18 1.60 -0.86 -0.75 0.90 -0.61 0.51 23 X Y 201809240039A  
-24.99 -61.17 12 -0.49 0.05 0.44 0.32 0.14 0.94 24 X Y 201809241713A  
-81.16 13.17 12 -0.34 -0.84 1.19 0.62 0.22 1.66 23 X Y 201809251537A  
-81.14 13.27 20 -0.32 -0.17 0.49 0.04 0.38 1.93 23 X Y 201809251606A  
-74.82 -15.36 86 -3.39 3.07 0.31 6.16 -4.31 -1.78 23 X Y 201809252256A  
-9.28 -58.21 12 0.37 -1.47 1.10 -0.40 -0.33 4.46 24 X Y 201809271025A  
-76.26 -45.88 18 0.08 0.29 -0.36 0.03 -0.74 -0.63 24 X Y 201810011511A  
-26.98 -56.17 69 0.47 0.69 -1.17 -2.10 0.35 2.86 23 X Y 201810032359A  
-81.17 13.21 14 -0.78 -2.40 3.18 0.44 0.05 4.38 23 X Y 201810041959A  
-71.53 -14.55 19 -1.58 5.92 -4.34 0.32 2.35 0.16 23 X Y 201810050146A  
-11.45 -5.64 12 -3.45 -0.06 3.51 0.47 -1.31 -0.60 24 X Y 201810051459A  
-11.47 -5.56 12 -4.24 0.27 3.97 0.33 -0.11 -0.72 23 X Y 201810051513A  
-37.73 7.80 12 -0.59 -0.15 0.75 0.05 0.30 -4.98 24 X Y 201810070010A  
-13.05 -7.28 14 -1.97 0.21 1.76 -0.49 -0.43 0.10 23 X Y 201810070944A  
-83.92 9.00 20 2.43 -1.60 -0.83 0.76 -0.36 1.22 23 X Y 201810090148A  
-13.36 -23.50 17 -3.78 0.16 3.62 1.63 -0.07 -0.29 23 X Y 201810091858A  
-13.37 -23.60 12 -1.77 -0.01 1.78 0.20 0.65 -0.08 24 X Y 201810091905A  
-44.94 14.96 12 -2.96 0.71 2.25 -0.22 -0.31 0.66 23 X Y 201810111227A  
-75.58 -9.43 130 -2.85 3.48 -0.63 0.97 -1.61 -0.38 23 X Y 201810151633A  
-28.07 1.12 15 -0.25 0.82 -0.56 0.28 0.69 -2.54 24 X Y 201810160835A  
-32.55 4.68 17 -2.85 0.47 2.38 -0.71 -0.44 -0.06 23 X Y 201810161033A  
-15.99 -43.82 12 -1.75 0.25 1.50 -0.31 -0.02 -0.37 24 X Y 201810170357A  
-15.91 -44.07 12 -3.93 0.11 3.82 -5.27 0.21 -1.00 23 X Y 201810170412A  
-16.20 -43.69 28 -2.85 0.76 2.09 1.80 1.30 -1.37 23 X Y 201810170603A  
-16.05 -43.84 12 -1.94 0.56 1.38 1.53 0.63 -0.70 23 X Y 201810170700A  
-15.88 -44.14 12 -2.44 0.20 2.24 -2.12 -1.35 -0.40 23 X Y 201810170707A  
-15.87 -44.30 24 -3.03 0.41 2.62 -1.45 -0.52 0.16 23 X Y 201810170729A  
-77.12 -5.19 128 -3.31 -1.09 4.40 -0.66 0.84 -1.82 23 X Y 201810201842A  
-59.78 11.46 15 -2.06 -2.74 4.80 -3.81 2.25 4.42 23 X Y 201810211635A  
-80.15 -2.07 90 -4.56 -0.74 5.30 0.46 -3.52 -3.04 23 X Y 201810212108A  
-82.83 8.80 34 -0.11 0.59 -0.48 0.85 -0.19 4.78 23 X Y 201810220128A  
-62.33 10.45 27 -1.12 0.24 0.89 -0.22 -0.76 -1.69 23 X Y 201810230332A  
-88.33 -41.41 13 -0.47 0.79 -0.32 -1.22 0.35 -3.07 23 X Y 201810250803A  
-72.03 -30.53 35 3.65 -0.20 -3.44 0.17 -1.27 -0.02 23 X Y 201810251119A  
-62.47 10.41 18 -1.69 1.12 0.57 -0.16 -1.93 -1.33 23 X Y 201810251557A  
-78.12 -1.52 172 -2.94 1.78 1.16 0.38 -1.51 -2.01 23 X Y 201810260911A  
-69.88 -17.34 132 -2.39 -0.08 2.47 2.14 -2.16 -1.45 23 X Y 201810261203A  
-71.08 -14.99 12 -1.88 1.16 0.71 0.71 0.94 -0.77 23 X Y 201810270811A  
-24.44 -58.69 29 4.65 1.56 -6.21 -1.50 4.64 -0.27 23 X Y 201810281436A  
-24.47 -58.71 29 3.82 0.09 -3.91 -1.34 1.73 -0.31 23 X Y 201810290318A  
-24.40 -58.80 32 3.91 1.03 -4.94 -0.69 0.11 0.01 23 X Y 201810290330A  
-66.60 -57.55 21 3.67 -0.72 -2.96 0.71 1.11 1.41 25 X Y 201810290654A  
-66.43 -57.69 29 5.12 -1.34 -3.78 2.39 3.00 3.14 24 X Y 201810292017A  
-66.55 -57.66 20 2.56 -0.22 -2.34 0.83 1.82 1.41 24 X Y 201810292107A  
-77.49 8.76 28 5.58 -3.67 -1.90 -0.98 -0.26 2.81 23 X Y 201810292131A  
-27.83 -55.26 22 2.29 -0.49 -1.80 -0.89 2.39 1.85 23 X Y 201810301148A  
-66.49 -57.40 18 3.95 -0.94 -3.02 -1.27 0.69 0.80 23 X Y 201810311236A  
-87.72 -41.25 20 -2.39 0.18 2.21 0.75 0.05 0.10 23 X Y 201811010027A  
-68.84 -22.35 141 -0.30 -0.27 0.56 -0.47 -2.49 -0.11 23 X Y 201811010631A  
-83.06 8.24 27 0.12 -1.47 1.35 -0.27 -0.19 1.05 23 X Y 201811011113A  
-24.74 -58.29 34 4.26 -4.98 0.71 4.71 -2.05 -1.97 24 X Y 201811011930A  
-69.57 -19.63 116 -1.58 -0.20 1.78 0.35 -1.96 -0.32 25 X Y 201811012219A  
-67.60 -30.18 36 3.06 -2.29 -0.77 0.76 1.87 2.41 23 X Y 201811020820A  
-13.51 -23.69 19 -2.05 0.11 1.94 0.05 1.07 -0.01 23 X Y 201811031224A  
-69.47 -19.72 109 -1.53 0.33 1.20 1.05 -1.68 -0.29 23 X Y 201811060831A  
-77.09 -45.69 12 -0.22 0.43 -0.21 0.37 -0.46 -0.70 24 X Y 201811062122A  
-66.22 -57.48 23 3.58 -0.68 -2.90 -0.78 -0.26 0.66 23 X Y 201811081607A  
-88.73 -41.47 17 0.05 0.25 -0.30 -0.34 1.09 -1.64 23 X Y 201811082323A  
-15.95 -42.79 12 -3.03 0.06 2.97 0.08 -0.24 -0.01 24 X Y 201811090739A  
-15.95 -42.91 12 -4.28 0.32 3.96 -0.87 0.39 -0.78 24 X Y 201811090754A  
-16.04 -43.29 22 -4.95 0.35 4.59 -2.37 1.50 -0.82 23 X Y 201811090816A  
-83.27 8.63 31 1.85 -1.06 -0.79 0.01 -0.57 1.00 24 X Y 201811090920A  
-71.91 -30.64 33 0.78 0.00 -0.78 0.08 -0.42 0.02 24 X Y 201811091854A  
-88.86 -41.39 25 -0.29 0.45 -0.16 -1.32 0.39 -1.97 23 X Y 201811100621A  
-29.45 0.82 18 -0.16 0.36 -0.20 -0.09 0.16 -1.09 24 X Y 201811100717A  
-49.93 15.65 12 -1.56 2.46 -0.90 -0.51 -0.76 1.69 25 X Y 201811111403A  
-29.91 -55.74 19 -3.78 0.71 3.06 0.16 1.78 0.98 23 X Y 201811112018A  
-10.43 -47.04 23 -1.20 2.01 -0.81 0.01 -0.42 -1.88 23 X Y 201811141721A  
-25.02 -56.83 18 1.76 0.08 -1.84 -0.36 1.22 0.61 24 X Y 201811151649A  
-25.08 -56.79 18 3.90 -0.10 -3.80 -0.84 2.62 1.30 25 X Y 201811152002A  
-25.17 -56.76 18 1.94 -0.33 -1.60 -0.25 0.10 0.68 24 X Y 201811160418A  
-66.41 -57.59 12 6.45 -1.45 -5.00 -2.19 0.00 1.98 23 X Y 201811160753A  
-26.28 -62.25 24 -2.78 -1.13 3.91 0.46 1.71 -1.59 23 X Y 201811161334A  
-80.84 -2.52 15 1.30 2.11 -3.41 4.38 1.00 0.05 23 X Y 201811171255A  
-49.77 15.61 12 -1.30 1.95 -0.65 -0.39 -0.64 0.49 24 X Y 201811171318A  
-44.93 15.06 12 -3.90 0.65 3.26 -0.17 -0.68 1.21 23 X Y 201811181604A  
-78.79 -9.82 78 -1.49 -0.17 1.66 -0.19 0.55 -0.65 24 X Y 201811200638A  
-86.45 10.36 24 1.71 -1.01 -0.70 0.54 -0.86 0.64 23 X Y 201811210740A  
-26.65 -56.37 88 -0.59 2.62 -2.04 -2.00 1.55 0.80 24 X Y 201811231051A  
-78.03 7.11 12 1.16 0.06 -1.22 -0.52 -2.16 0.40 23 X Y 201811231740A  
-70.70 9.34 28 0.67 -0.63 -0.04 -0.44 -0.03 -0.23 24 X Y 201811242041A  
-81.12 13.23 15 -0.15 -1.21 1.36 -0.39 -0.58 2.87 23 X Y 201811250119A  
-81.13 13.22 12 -0.09 -0.73 0.82 0.02 -0.09 0.89 25 X Y 201811250340A  
-81.29 13.15 14 -0.21 -0.06 0.27 0.27 0.21 1.19 23 X Y 201811251045A  
-81.18 13.20 12 -0.90 -3.19 4.09 0.58 0.46 3.32 23 X Y 201811251545A  
-81.09 13.27 12 -0.29 -2.05 2.35 0.22 0.14 2.74 24 X Y 201811252056A  
-80.97 13.28 19 -0.36 -1.35 1.71 -0.82 -0.47 2.31 23 X Y 201811260343A  
-81.02 13.27 12 -0.32 -1.99 2.31 0.48 -0.15 3.58 23 X Y 201811260913A  
-14.00 -11.69 20 -0.69 -3.21 3.90 -1.71 0.87 7.35 23 X Y 201811270013A  
-81.02 13.24 12 -0.35 -1.33 1.69 -0.15 0.17 1.95 23 X Y 201811270117A  
-13.58 -0.71 18 -0.51 2.17 -1.66 0.46 0.87 -3.97 24 X Y 201811271203A  
-49.78 15.62 12 -1.51 2.07 -0.56 -0.62 -0.64 0.59 24 X Y 201811271934A  
-1.46 -54.23 12 -0.44 0.81 -0.36 0.06 -0.32 -0.64 24 X Y 201812011242A  
-72.55 -33.95 20 1.74 0.02 -1.76 -0.18 -2.11 -0.22 24 X Y 201812012355A  
-1.41 -54.20 13 -0.14 2.32 -2.18 -0.23 -0.02 -4.55 23 X Y 201812040450A  
-71.57 -33.66 35 6.37 -3.31 -3.05 2.60 2.51 2.16 23 X Y 201812051712A  
-12.18 -3.05 19 -3.58 0.76 2.82 -0.57 0.03 0.55 23 X Y 201812052233A  
-76.10 -15.03 35 3.28 0.32 -3.60 0.88 -2.51 1.58 23 X Y 201812060417A  
-87.04 12.62 164 1.90 -0.84 -1.06 2.07 -2.46 0.06 23 X Y 201812060943A  
-83.01 -43.03 15 -0.46 0.85 -0.39 0.29 0.98 -1.53 23 X Y 201812061822A  
-68.48 -21.74 152 -0.13 -1.74 1.87 -0.53 -2.35 -1.04 23 X Y 201812092306A  
-25.68 -58.58 147 0.46 1.85 -2.30 0.63 5.00 1.73 26 X Y 201812110226A  
-74.64 -50.79 21 -0.09 2.82 -2.73 -0.40 0.09 0.80 23 X Y 201812120031A  
-15.80 -44.52 13 -2.55 0.53 2.02 3.58 0.07 -0.34 23 X Y 201812120846A  
-29.85 -55.91 12 -4.90 2.64 2.26 1.94 0.82 5.61 23 X Y 201812120914B  
-85.74 -41.35 17 -0.73 1.20 -0.47 -0.14 0.17 -2.35 23 X Y 201812140546A  
-87.26 10.99 13 3.96 -2.91 -1.05 1.69 -3.67 1.75 23 X Y 201812171933A  
-40.46 9.29 14 -2.02 0.06 1.96 1.04 -0.10 0.24 23 X Y 201812212011A  
-24.74 -58.30 35 4.28 -0.22 -4.06 -0.70 1.67 0.87 23 X Y 201812212046A  
-16.07 -43.97 17 -3.17 0.31 2.86 -2.68 0.27 -0.37 23 X Y 201812221726A  
-68.28 -21.38 161 -0.65 0.06 0.59 0.16 -0.54 -0.28 24 X Y 201812240219A  
-14.39 -34.20 18 -0.86 -1.66 2.52 -0.24 0.37 3.76 23 X Y 201812251853A  
-68.08 10.26 12 -0.71 0.67 0.04 -0.24 -0.69 -1.43 24 X Y 201812270859A  
-68.13 10.39 20 -0.83 1.71 -0.88 0.47 0.38 -0.60 23 X Y 201812270924A  
-88.78 12.26 13 1.76 -1.46 -0.30 0.37 -1.18 0.66 23 X Y 201812280251A  
-69.35 -31.84 120 -0.96 0.07 0.89 -0.34 0.13 0.56 24 X Y 201812311049A  
-46.24 15.39 25 0.17 2.65 -2.82 0.17 0.49 -3.49 23 X Y 201812312045A  
-25.43 -60.03 34 0.49 -0.64 0.15 0.25 0.45 0.56 24 X Y 201901031247A  
-2.91 -53.59 16 -1.30 2.89 -1.59 0.51 0.12 -2.34 23 X Y 201901041536A  
-35.69 7.43 27 -0.37 0.37 0.00 0.36 -0.42 -2.43 23 X Y 201901051552A  
-71.68 -8.10 588 -1.65 0.13 1.52 -0.41 0.47 -0.53 26 X Y 201901051925A  
-70.92 -15.29 13 -3.32 0.37 2.95 -0.48 -1.70 -1.58 23 X Y 201901061106A  
-63.24 10.59 13 -0.46 0.31 0.15 -0.12 -0.60 -1.64 23 X Y 201901070508A  
-68.87 -19.62 133 -1.10 -1.30 2.39 2.60 -2.19 -0.75 23 X Y 201901071343A  
-63.21 10.67 15 -0.29 0.42 -0.13 0.02 -1.48 -1.64 23 X Y 201901071741A  
-13.68 -11.67 15 0.07 -2.29 2.22 -3.34 1.13 3.70 23 X Y 201901080040A  
-74.06 -4.62 17 4.38 -0.84 -3.54 0.08 -3.48 -3.49 23 X Y 201901081000A  
-88.15 -41.50 29 -0.54 0.86 -0.32 -0.10 0.27 -2.08 23 X Y 201901090031A  
-15.71 -39.68 17 -2.22 0.97 1.25 0.80 -1.23 -0.40 23 X Y 201901102310A  
-86.84 11.08 30 1.14 -0.65 -0.49 0.61 -0.59 0.76 24 X Y 201901150341A  
-15.91 -44.04 12 -0.87 0.03 0.85 -0.24 0.00 -0.14 24 X Y 201901160832A  
-76.84 -3.27 116 -4.65 1.27 3.38 -0.89 0.49 -0.84 24 X Y 201901182126A  
-2.16 -55.78 35 -0.08 -0.67 0.76 0.49 -0.08 3.62 23 X Y 201901191551A  
-71.39 -30.18 61 -1.25 0.38 0.87 -0.37 -0.16 0.14 26 X Y 201901200132A  
-37.90 8.07 12 -1.01 -0.00 1.01 -0.04 -0.19 -0.01 24 X Y 201901231448A  
-73.14 6.89 172 -0.25 -1.96 2.21 -1.51 -1.40 -1.41 23 X Y 201901240304A  
-31.23 2.84 19 -2.67 0.37 2.30 -1.25 -0.38 -0.10 23 X Y 201901241513A  
-74.81 -9.60 36 3.25 0.52 -3.77 -0.51 -1.81 0.89 23 X Y 201901241556A  
-75.50 -14.50 65 -0.61 -0.84 1.45 -2.76 4.14 0.14 24 X Y 201901250445A  
-17.78 -0.14 23 -0.02 2.27 -2.25 0.26 0.74 -1.20 23 X Y 201901251413A  
-75.94 3.03 21 -0.26 3.42 -3.16 0.05 -0.17 0.41 24 X Y 201901261232A  
-23.63 -1.09 12 -0.71 1.62 -0.90 1.67 -0.08 -1.90 23 X Y 201901271651A  
-73.00 -35.61 28 0.46 0.06 -0.52 -0.04 -0.76 -0.09 24 X Y 201901280900A  
-75.92 3.05 20 -0.10 2.11 -2.01 0.18 0.10 0.31 24 X Y 201901282107A  
-72.57 -15.61 135 0.22 -0.43 0.21 0.39 -2.00 1.65 24 X Y 201901292335A  
-70.61 -25.99 58 -1.08 0.54 0.54 0.31 -3.02 0.10 24 X Y 201901300744A  
-88.37 13.56 192 1.75 -1.14 -0.61 4.19 -2.05 0.24 23 X Y 201901310440A  
-82.61 5.95 20 0.03 -0.09 0.06 0.36 0.10 1.62 24 X Y 201901311018A  
-83.89 8.90 22 4.56 -3.54 -1.02 1.88 -1.23 1.92 23 X Y 201901311309A  
-88.45 -41.43 12 -0.38 0.44 -0.06 0.43 -0.55 -1.95 24 X Y 201902021755A  
-71.77 -31.49 33 2.35 -0.11 -2.23 0.92 0.41 1.58 23 X Y 201902030256A  
-44.83 13.09 20 -1.56 0.33 1.23 -0.68 -0.06 0.08 23 X Y 201902041243A  
-68.56 18.15 79 -2.62 -2.83 5.45 2.33 5.69 -1.23 23 X Y 201902041433A  
-80.08 -2.51 74 -1.44 -4.52 5.96 3.36 0.67 2.31 24 X Y 201902041745A  
-78.58 -2.91 85 -2.58 -1.00 3.59 0.44 -1.00 -1.20 23 X Y 201902050953A  
-71.15 -19.85 17 0.55 -0.03 -0.53 0.12 -0.68 0.11 24 X Y 201902061756A  
-31.01 2.76 12 -4.00 0.82 3.18 0.18 -0.92 -2.26 23 X Y 201902061928A  
-68.42 -21.66 135 0.12 -0.48 0.37 -1.27 -3.98 1.32 23 X Y 201902091923A  
-82.51 6.13 13 -3.45 3.25 0.20 1.71 0.86 0.58 23 X Y 201902111517A  
-47.23 13.89 20 -0.69 1.80 -1.12 0.76 1.00 0.51 23 X Y 201902122132A  
-77.95 0.69 25 0.60 4.20 -4.79 -1.43 0.47 -0.03 23 X Y 201902140624A  
-74.14 -12.07 31 2.85 -0.92 -1.93 -0.54 0.03 1.51 24 X Y 201902141433A  
-31.47 -55.19 22 3.03 -1.94 -1.09 -0.43 0.60 1.65 23 X Y 201902150256A  
-31.44 -55.04 12 0.48 -0.42 -0.06 -0.44 0.53 0.45 24 X Y 201902171129A  
-64.45 -23.66 23 4.55 -0.35 -4.20 0.58 1.80 -0.69 23 X Y 201902171322A  
-25.04 -60.14 14 0.76 -0.19 -0.57 0.40 0.31 -0.48 24 X Y 201902172318A  
-64.94 19.54 24 3.34 -3.42 0.09 -2.06 3.56 2.97 23 X Y 201902182338A  
-71.53 -28.18 32 3.73 -0.42 -3.31 -0.56 -0.90 1.21 23 X Y 201902190509A  
-75.65 -14.88 42 1.90 -1.97 0.07 -0.89 0.51 0.96 23 X Y 201902190832A  
-73.11 -15.27 115 -0.78 0.14 0.64 0.24 -0.47 -0.47 24 X Y 201902212217A  
-77.09 -2.26 121 -1.28 0.41 0.87 1.32 -0.76 -0.97 27 X Y 201902221017A  
-13.66 -17.86 16 -0.52 1.06 -0.54 1.81 -1.00 -2.12 24 X Y 201902222115A  
-66.66 -23.16 240 -3.76 0.46 3.31 0.85 -4.63 -0.69 23 X Y 201902231214A  
-62.95 -21.53 12 3.02 -0.12 -2.90 -0.75 2.43 -0.57 23 X Y 201902231634A  
-32.57 4.30 12 -1.94 -0.06 2.00 -0.18 -0.04 -0.19 24 X Y 201902251505A  
-71.78 -29.70 48 3.23 0.30 -3.53 -1.71 -0.10 -2.86 23 X Y 201902251528A  
-32.55 4.26 23 -3.55 0.64 2.91 -0.20 0.01 0.11 23 X Y 201902251547A  
-32.80 4.24 24 -3.20 -0.23 3.44 0.18 1.15 -0.77 23 X Y 201902251604A  
-23.32 -57.62 20 -4.67 0.58 4.09 -1.46 0.83 -1.11 23 X Y 201902270628A  
-63.12 -28.18 586 -1.96 0.49 1.47 -0.24 1.03 -0.68 24 X Y 201903010013A  
-70.14 -14.78 274 -1.26 2.47 -1.22 3.48 -0.95 -1.86 26 X Y 201903010850A  
-71.84 -30.65 34 5.16 0.16 -5.32 -0.16 -3.18 0.14 23 X Y 201903012243A  
-72.69 -33.67 17 1.40 -0.06 -1.34 -0.64 -2.07 -0.04 24 X Y 201903022021A  
-1.23 -55.60 12 -1.28 0.06 1.21 -0.27 -0.52 0.02 24 X Y 201903060511A  
-44.83 13.46 13 -2.17 0.35 1.82 -0.77 -0.84 -0.34 23 X Y 201903070353A  
-68.93 -38.58 12 1.13 0.60 -1.73 0.85 0.55 -1.36 23 X Y 201903070510A  
-69.53 -18.87 137 -2.16 -0.26 2.43 1.37 -3.09 0.16 23 X Y 201903070550A  
-72.82 -29.51 32 4.19 1.09 -5.29 -1.17 1.34 1.26 24 X Y 201903071534A  
-18.63 -60.32 18 -1.45 -1.26 2.71 -0.62 1.36 2.04 23 X Y 201903090300A  
-86.47 10.29 23 2.34 -1.21 -1.12 1.12 -1.19 0.63 23 X Y 201903120947A  
-65.90 -17.74 381 2.06 -2.34 0.29 -1.87 -1.36 2.70 25 X Y 201903150503A  
-76.42 -44.38 13 -3.99 -0.31 4.30 1.26 1.29 0.44 23 X Y 201903151842A  
-77.23 -45.68 16 0.21 1.98 -2.19 0.02 -2.42 -4.34 23 X Y 201903161754A  
-71.30 -29.87 59 0.60 0.12 -0.72 -0.10 0.60 -0.04 24 X Y 201903161806A  
-68.42 -20.46 142 -0.18 -5.87 6.05 1.20 0.63 -0.47 23 X Y 201903170053A  
-44.85 15.26 16 -2.93 -2.22 5.15 0.71 0.37 -2.73 23 X Y 201903201913A  
-37.19 7.79 21 -0.10 -0.30 0.41 0.25 0.26 -3.27 24 X Y 201903231235A  
-36.94 7.77 37 -1.54 0.89 0.64 0.71 0.10 -5.05 23 X Y 201903231326A  
-76.31 4.62 129 -0.38 -0.25 0.63 0.00 -1.58 0.10 25 X Y 201903231921A  
-86.75 12.14 107 0.45 -0.06 -0.39 0.80 -1.22 -0.41 24 X Y 201903240930A  
-69.99 -21.26 66 -1.40 -1.07 2.47 -0.71 -3.20 0.95 23 X Y 201903251052A  
-89.55 12.36 12 1.60 -1.50 -0.10 1.25 -0.97 0.28 24 X Y 201903261201A  
-69.40 -18.32 145 -0.21 0.01 0.19 0.52 -2.74 -0.60 23 X Y 201903270357A  
-70.29 -24.62 73 0.84 0.41 -1.25 0.21 -0.98 0.22 24 X Y 201903281505A  
-81.05 -1.99 16 1.42 -0.02 -1.40 0.21 -2.45 0.17 25 X Y 201903310704A  
-80.92 -1.99 23 2.52 -0.12 -2.40 0.18 -2.84 0.29 24 X Y 201903310728A  
-78.34 5.71 24 -0.73 1.20 -0.48 0.57 0.46 3.59 23 X Y 201903311328A  
-81.11 -1.89 22 2.81 -0.07 -2.73 0.22 -3.19 0.25 23 X Y 201903311409A  
-79.48 -9.81 29 2.66 -2.40 -0.26 -0.48 0.66 -0.58 24 X Y 201903311527A  
-82.88 -43.06 17 -0.25 2.50 -2.25 2.90 1.05 -8.49 23 X Y 201904011405A  
-27.45 -56.02 58 -0.33 1.25 -0.91 -4.04 -4.56 1.11 25 X Y 201904051614A  
-85.27 1.53 15 0.51 1.16 -1.67 -0.30 -0.20 6.98 24 X Y 201904051846A  
-86.91 11.13 37 4.21 -3.22 -0.99 2.58 -1.38 2.38 23 X Y 201904070643A  
-72.63 -33.84 12 2.44 -0.04 -2.40 -0.48 -3.61 -0.49 24 X Y 201904071052A  
-87.65 -41.39 12 -3.33 0.08 3.25 0.85 -0.74 -0.77 24 X Y 201904071545A  
-86.34 -41.45 16 -1.03 2.43 -1.40 2.31 -1.60 -8.70 23 X Y 201904071953A  
-80.61 -2.30 39 3.29 0.61 -3.90 0.15 -2.09 1.40 23 X Y 201904080323A  
-32.90 5.67 12 -2.18 0.10 2.07 -0.28 0.75 -0.30 23 X Y 201904081832A  
-89.54 12.59 16 -3.03 2.50 0.54 1.97 0.29 -0.96 23 X Y 201904082225A  
-78.80 3.93 12 -3.85 0.92 2.93 1.26 1.47 1.78 23 X Y 201904091139A  
-24.60 -58.71 43 5.47 -6.81 1.34 2.51 3.87 -0.28 25 X Y 201904091754A  
-76.26 -13.61 87 -1.43 0.39 1.04 0.30 -1.94 -1.02 23 X Y 201904111550A  
-13.08 -47.52 12 -3.57 0.18 3.39 -1.09 0.08 0.21 23 X Y 201904120031A  
-77.86 -1.49 184 -1.90 0.98 0.92 1.49 -1.72 -1.95 23 X Y 201904130343A  
-30.12 0.94 29 -0.01 1.05 -1.03 1.29 0.78 -3.50 23 X Y 201904131523A  
-5.10 -52.11 19 -1.28 1.95 -0.66 2.23 2.80 -3.14 23 X Y 201904141023A  
-84.43 2.24 19 -0.52 0.68 -0.16 -0.18 -0.52 2.11 23 X Y 201904160047A  
-71.70 -8.38 579 -0.19 0.07 0.12 0.07 1.31 -0.34 24 X Y 201904160319A  
-15.44 -35.28 17 0.04 -2.27 2.23 -0.25 0.07 4.69 24 X Y 201904160730A  
-23.07 -58.81 12 -4.85 -0.56 5.41 -0.04 1.78 4.16 23 X Y 201904161659A  
-82.66 3.94 12 -0.07 0.36 -0.29 0.04 1.30 5.59 23 X Y 201904170955A  
-78.21 -5.03 47 0.35 5.06 -5.41 0.12 -1.58 1.74 23 X Y 201904171501A  
-71.53 -29.46 73 -1.51 -0.12 1.63 0.27 -2.66 -0.04 24 X Y 201904180406A  
-87.13 11.81 33 -3.34 -0.30 3.64 2.65 -1.47 0.37 23 X Y 201904191336A  
-71.86 -35.86 86 -1.85 -2.50 4.35 1.65 0.41 0.61 23 X Y 201904211000A  
-67.12 -24.30 192 -3.68 -0.40 4.08 0.05 -3.85 0.58 23 X Y 201904211631A  
-27.06 -56.35 83 -0.14 0.71 -0.57 -0.37 -0.56 0.90 25 X Y 201904221449A  
-67.16 -24.25 187 -3.86 -0.75 4.61 2.67 -3.01 -1.11 23 X Y 201904221829A  
-29.26 -58.70 23 -2.91 1.29 1.63 -0.94 -0.91 -0.09 23 X Y 201904240441A  
-70.07 -21.43 86 0.36 -1.63 1.27 -0.78 0.47 -1.80 23 X Y 201904240624A  
-68.33 -21.49 151 0.24 -0.36 0.12 0.51 -0.98 0.37 24 X Y 201904241857A  
-12.62 -6.96 15 -0.07 -0.73 0.80 -0.30 -0.07 1.14 23 X Y 201904250457A  
-24.07 -57.68 16 2.76 -0.30 -2.46 0.74 2.03 0.54 23 X Y 201904251142A  
-71.10 -25.81 34 2.76 -0.61 -2.15 -0.61 0.23 -0.73 24 X Y 201904260622A  
-82.61 5.17 16 0.23 0.27 -0.50 0.86 0.36 4.39 23 X Y 201904261504A  
-86.14 16.87 25 0.04 -3.45 3.41 -1.07 1.45 4.59 23 X Y 201904280743A  
-70.89 -24.03 43 1.52 -0.45 -1.07 1.17 -1.93 -0.68 23 X Y 201904281025A  
-46.35 15.39 12 -0.16 -0.30 0.46 0.15 0.25 -1.46 24 X Y 201904302052A  
-13.21 -7.46 18 -0.06 -0.35 0.41 0.11 0.16 0.98 23 X Y 201905011755A  
-83.48 -42.68 19 -2.18 0.15 2.03 0.80 0.47 -0.59 23 X Y 201905060607A  
-12.21 -3.19 12 -1.34 0.15 1.19 0.33 -0.45 -0.32 24 X Y 201905061323A  
-12.23 -3.25 14 -2.62 0.53 2.09 0.50 -0.25 -0.34 23 X Y 201905061611A  
-75.06 -15.79 19 3.58 -0.12 -3.46 0.61 -4.77 1.96 24 X Y 201905081347A  
-82.64 4.66 24 -0.43 0.73 -0.31 0.30 0.30 5.45 23 X Y 201905120158A  
-78.16 15.48 23 -0.43 -1.68 2.11 0.51 0.50 1.27 23 X Y 201905120818A  
-13.46 -0.78 16 -0.25 1.54 -1.30 0.79 -1.69 -2.72 23 X Y 201905121845A  
-82.87 8.52 23 0.03 0.22 -0.25 0.12 0.20 1.49 25 X Y 201905121924A  
-74.90 -12.10 115 -0.86 0.89 -0.03 0.56 0.05 0.42 24 X Y 201905130710A  
-74.54 -13.94 112 -4.31 0.21 4.10 -1.13 2.29 -1.68 23 X Y 201905131241A  
-77.88 0.65 16 0.11 1.98 -2.09 -2.02 -1.50 -0.79 23 X Y 201905131800A  
-69.27 -31.46 121 -7.40 2.09 5.31 -0.29 1.05 2.31 23 X Y 201905160032A  
-77.02 -2.39 141 -3.00 1.15 1.86 2.46 -2.17 -2.42 23 X Y 201905160404A  
-70.08 -17.75 123 -6.33 4.22 2.12 0.64 -3.91 -4.34 23 X Y 201905161432A  
-88.17 12.59 64 0.48 0.09 -0.57 0.41 -0.42 0.43 25 X Y 201905161622A  
-89.39 12.00 12 -2.19 1.27 0.91 1.55 1.56 -0.75 23 X Y 201905162230A  
-74.15 -35.20 12 -6.70 0.79 5.91 0.06 0.45 2.80 23 X Y 201905170527A  
-70.26 -19.77 93 -3.15 1.48 1.67 1.22 -2.42 0.25 23 X Y 201905171416A  
-26.26 -60.77 12 -1.26 3.85 -2.59 0.92 0.52 1.41 23 X Y 201905191148A  
-37.44 7.73 15 -0.46 0.22 0.25 -0.10 0.50 -2.73 23 X Y 201905200927A  
-70.04 -31.54 113 -0.53 1.09 -0.56 0.20 -1.18 2.35 24 X Y 201905201118A  
-88.56 -41.45 13 -2.63 0.81 1.82 -0.06 -0.30 -1.19 23 X Y 201905210633A  
-66.66 -23.11 228 -3.14 0.10 3.04 -0.66 -3.84 -0.93 23 X Y 201905210718A  
-71.85 -15.81 16 -1.91 2.33 -0.42 0.41 -1.21 2.26 23 X Y 201905211337A  
-85.33 1.21 18 -0.02 0.26 -0.24 0.10 0.17 1.19 24 X Y 201905212119A  
-12.27 -2.58 12 -5.80 0.44 5.35 0.39 -0.21 -0.79 23 X Y 201905231556A  
-80.78 -44.89 22 -0.12 1.96 -1.84 0.36 0.55 -4.01 23 X Y 201905240616A  
-77.51 7.02 15 -0.07 1.13 -1.06 -0.41 -0.65 -3.02 23 X Y 201905241612A  
-66.60 -28.05 176 -0.44 -0.27 0.70 0.59 -0.54 -0.16 24 X Y 201905242015A  
-75.36 -5.25 127 -1.06 -0.08 1.14 0.06 -0.48 -0.26 28 X Y 201905260741A  
-27.31 -56.39 122 4.81 -3.05 -1.75 -2.72 -0.20 -3.03 24 X Y 201905272329A  
-75.02 -4.64 177 -2.29 -0.87 3.16 0.64 -0.35 -0.16 23 X Y 201905292340A  
-68.76 -23.30 90 -2.69 -0.13 2.82 0.33 -1.14 -1.76 23 X Y 201905300334A  
-89.55 13.07 46 -0.54 0.70 -0.16 0.47 -0.53 -0.25 26 X Y 201905300903A  
-14.52 -14.16 12 -1.33 0.13 1.20 0.65 -0.54 -0.46 24 X Y 201906011017A  
-25.91 0.82 12 -0.07 0.30 -0.23 0.58 -0.25 -1.69 24 X Y 201906011503A  
-10.31 -46.91 22 0.01 0.80 -0.80 0.55 -0.76 -1.45 23 X Y 201906020107A  
-70.51 -19.69 80 -3.02 -2.43 5.46 1.72 -4.07 -3.85 23 X Y 201906030842A  
-70.15 -27.43 98 -0.64 -0.19 0.84 -0.55 -0.80 0.05 24 X Y 201906051619A  
-68.65 -22.45 127 -0.71 0.58 0.13 0.43 -2.02 -0.03 23 X Y 201906100527A  
-88.71 12.94 63 2.42 -2.42 0.00 4.24 -3.71 1.20 23 X Y 201906100912A  
-16.26 -38.21 27 -1.86 2.95 -1.09 1.59 -1.17 -3.36 23 X Y 201906100920A  
-44.83 13.50 12 -4.64 0.01 4.63 -0.80 -0.38 0.42 23 X Y 201906100938A  
-24.63 -58.81 24 4.42 -0.09 -4.33 1.68 2.54 -1.36 23 X Y 201906101344A  
-17.19 -35.49 18 -0.05 -2.34 2.39 -0.94 0.83 5.62 24 X Y 201906130300A  
-71.52 -30.46 63 3.73 0.66 -4.39 0.69 -1.29 0.66 23 X Y 201906132250A  
-72.16 -30.12 12 2.43 0.06 -2.50 -0.17 -2.71 -0.11 25 X Y 201906140019A  
-46.54 15.43 13 -2.56 -0.86 3.41 -1.96 -0.49 -8.74 23 X Y 201906142044A  
-66.78 -23.93 221 -4.78 -1.65 6.43 0.05 -0.35 -1.11 23 X Y 201906162250A  
-1.65 -53.87 31 -0.38 0.59 -0.21 0.42 0.08 -1.37 24 X Y 201906170718A  
-1.69 -54.17 20 -0.88 3.13 -2.25 -1.13 -0.57 -4.14 23 X Y 201906170830A  
-26.03 0.77 13 -0.34 0.52 -0.18 0.56 -0.23 -2.58 24 X Y 201906172003A  
-76.08 -4.01 113 -2.77 0.11 2.66 -0.20 0.73 -1.21 23 X Y 201906192303A  
-68.83 -33.68 163 -0.70 -0.41 1.11 1.26 -0.17 1.23 24 X Y 201906200123A  
-24.80 -58.10 38 0.95 0.12 -1.07 -0.06 0.44 0.16 24 X Y 201906200827A  
-86.40 -41.53 15 -0.28 0.25 0.03 -0.11 -0.25 -1.53 23 X Y 201906221844A  
-24.73 -58.10 38 2.50 0.12 -2.62 -0.27 1.16 0.45 24 X Y 201906241921A  
-23.46 -1.15 23 -0.51 0.92 -0.41 0.76 0.40 -2.10 23 X Y 201906260048A  
-82.87 8.34 33 0.54 2.41 -2.95 -0.43 0.08 1.49 25 X Y 201906260523A  
-71.13 -29.41 96 0.23 3.50 -3.73 -1.35 -0.80 -0.72 23 X Y 201906280830A  
-74.43 -16.20 40 3.57 -0.15 -3.42 1.09 -1.86 1.92 23 X Y 201906290500A  
-12.93 -1.70 21 -2.62 0.39 2.23 0.26 -0.59 -0.03 23 X Y 201906291900B  
-13.01 -1.62 17 -2.49 0.43 2.06 0.66 0.14 -0.58 23 X Y 201906291927A  
-26.94 -56.32 111 0.54 1.16 -1.70 -4.39 2.43 2.93 23 X Y 201906291946A  
-12.95 -1.66 12 -1.64 0.18 1.46 0.58 -0.42 -0.36 24 X Y 201906291951A  
-12.99 -1.52 23 -4.31 0.77 3.54 1.47 1.03 -0.17 23 X Y 201906291959A  
-12.94 -1.79 12 -2.21 0.06 2.15 -0.36 0.42 -0.34 23 X Y 201906292303A 
