#	Global CMT Catalog
#	Search criteria:
#	
#	Start date: 2014/1/1   End date: 2015/12/31
#	-70 <=lat<= 20          -90 <=lon<= 0 
#	0 <=depth<= 1000         -9999 <=time shift<= 9999
#	0 <=mb<= 10        0<=Ms<= 10           0<=Mw<= 10
#	0 <=tension plunge<= 90         0 <=null plunge<= 90
#	
#	Results
#	Output in GMT psmeca (GMT v>3.3) format
#	Columns: lon lat depth mrr mtt mpp mrt mrp mtp iexp name
#
-15.29 -44.93 12 -4.48 1.44 3.04 0.60 0.72 -1.87 23 X Y 201401010446A  
-82.43 -43.98 18 -2.46 0.21 2.25 0.79 0.27 -0.36 23 X Y 201401011108A  
-70.98 -20.60 20 3.57 0.20 -3.77 0.34 -3.29 0.52 24 X Y 201401040011A  
-13.43 -46.19 12 -5.40 2.55 2.85 2.42 1.04 -2.44 23 X Y 201401040204A  
-76.72 4.66 25 -0.47 1.06 -0.59 -0.80 -1.84 0.58 24 X Y 201401050336A  
-71.03 -20.75 27 4.55 0.36 -4.91 0.71 -5.05 0.54 23 X Y 201401060359A  
-23.45 -0.97 20 -0.44 2.67 -2.23 1.32 -1.10 -7.12 23 X Y 201401061602A  
-69.89 -21.07 103 -0.70 -0.12 0.83 -0.17 -1.11 0.21 24 X Y 201401070343A  
-79.90 -44.70 24 -0.15 3.07 -2.92 -0.73 0.94 -5.76 23 X Y 201401071206A  
-70.97 -20.72 23 2.66 0.26 -2.92 0.36 -2.89 0.33 24 X Y 201401080422A  
-75.92 3.02 25 0.57 3.78 -4.35 0.61 -0.07 0.20 23 X Y 201401091250A  
-47.84 -60.58 21 -3.13 1.11 2.02 0.56 1.46 1.97 23 X Y 201401112018A  
-66.82 19.22 22 0.81 -1.31 0.50 -1.26 3.22 1.59 25 X Y 201401130401A  
-68.25 -31.27 123 -3.61 2.38 1.23 -1.64 -0.45 7.95 23 X Y 201401150838A  
-84.94 9.54 21 0.87 -0.82 -0.05 0.77 -0.38 0.34 24 X Y 201401172102A  
-89.14 12.77 45 4.61 -3.74 -0.87 0.91 -0.19 1.39 23 X Y 201401191058A  
-83.64 -42.72 17 -2.90 0.51 2.38 0.58 0.35 -0.63 23 X Y 201401191848A  
-88.93 12.83 60 5.02 -3.88 -1.14 1.04 -0.12 2.63 23 X Y 201401230729A  
-13.33 -0.69 12 -0.13 0.44 -0.32 0.24 0.04 -0.83 24 X Y 201401240235A  
-81.01 -4.05 21 1.17 -0.73 -0.44 -0.52 0.19 0.59 24 X Y 201401260510A  
-89.74 -41.34 12 -5.73 3.57 2.16 -1.02 -0.68 -3.02 23 X Y 201401270228A  
-63.85 -19.24 609 -1.11 -0.66 1.77 -1.86 1.95 -0.09 24 X Y 201401271642A  
-69.64 -18.65 136 -0.84 -0.33 1.17 0.59 -3.24 1.84 24 X Y 201401291001A  
-86.51 -41.48 19 -0.25 0.51 -0.27 -0.99 0.34 -1.90 23 X Y 201401310022A  
-26.72 -56.97 132 -0.45 1.07 -0.63 -1.35 -0.99 -0.96 25 X Y 201402010358A  
-74.53 -16.10 54 0.67 0.02 -0.70 -0.04 -0.36 0.46 24 X Y 201402020857A  
-69.58 -21.48 39 3.26 -3.49 0.23 0.12 -2.32 -0.04 23 X Y 201402051151A  
-73.07 6.81 159 0.56 0.24 -0.79 -0.15 -0.72 -0.23 24 X Y 201402072037A  
-45.35 -60.60 34 -0.86 1.50 -0.65 -4.95 1.65 -0.48 24 X Y 201402081950A  
-28.18 -55.53 20 -1.41 -1.22 2.63 0.65 0.81 2.19 23 X Y 201402090457A  
-68.81 -22.38 124 -0.31 -0.10 0.41 0.19 -0.65 0.56 24 X Y 201402101100A  
-13.78 -25.81 16 -0.81 -1.36 2.17 0.59 0.26 3.39 23 X Y 201402101215A  
-68.71 -22.20 131 -0.56 -0.19 0.75 0.21 -0.17 -0.20 25 X Y 201402121143A  
-6.09 -57.33 13 -4.22 0.47 3.75 -0.21 -0.98 1.32 23 X Y 201402140809A  
-68.73 -22.53 114 -2.02 -0.24 2.26 -0.53 -1.95 -0.09 23 X Y 201402151252A  
-72.06 -31.65 30 3.97 -0.60 -3.37 0.99 -2.64 -0.69 23 X Y 201402170034A  
-71.58 6.64 51 0.73 0.30 -1.03 0.18 0.70 0.40 24 X Y 201402170941A  
-16.48 -0.05 19 -2.57 0.19 2.38 -0.83 -0.40 -0.55 23 X Y 201402172054A  
-58.89 14.76 14 -3.35 -3.36 6.70 1.70 0.10 0.68 25 X Y 201402180927A  
-75.69 -14.18 76 0.49 -0.46 -0.03 -0.14 0.72 0.39 25 X Y 201402182335A  
-69.77 9.67 13 0.50 0.51 -1.00 -0.44 0.22 -0.68 24 X Y 201402191110A  
-13.64 -18.03 23 -2.01 0.63 1.38 -1.49 -1.17 -0.76 23 X Y 201402192212A  
-14.31 -14.14 12 -4.88 1.99 2.89 0.31 -1.29 -3.86 23 X Y 201402200409A  
-70.75 12.48 37 -5.29 5.26 0.04 -2.61 0.30 -0.39 23 X Y 201402211143A  
-47.50 -60.48 12 -0.06 0.81 -0.75 0.49 0.35 0.85 24 X Y 201402222239A  
-69.02 -23.98 107 -2.08 -0.01 2.09 1.24 -1.27 1.59 23 X Y 201402232340A  
-59.87 -59.36 19 -0.20 1.02 -0.82 0.02 0.48 0.31 24 X Y 201402251543A  
-59.63 -59.46 20 -0.15 1.07 -0.93 -0.04 0.62 0.51 24 X Y 201402270510A  
-13.22 -15.57 12 -6.03 0.15 5.88 2.54 -0.37 -1.38 23 X Y 201402280248A  
-83.05 -43.04 13 -0.09 0.34 -0.24 0.04 -0.14 -1.02 24 X Y 201403020852A  
-87.91 12.52 62 0.84 -0.55 -0.28 1.91 -1.98 0.61 25 X Y 201403020937A  
-76.95 -45.56 18 -1.00 0.22 0.78 0.95 -0.10 -0.32 24 X Y 201403021012A  
-76.89 -46.15 15 -5.80 0.04 5.76 -4.17 -0.84 -2.27 23 X Y 201403021114A  
-76.93 -45.78 21 -3.78 0.45 3.33 0.80 -1.55 -1.38 23 X Y 201403021618A  
-76.96 -45.81 12 -1.18 0.10 1.09 0.56 -0.50 -0.33 24 X Y 201403021703A  
-72.11 -33.21 22 0.70 -0.05 -0.64 0.07 -0.62 0.01 24 X Y 201403030317A  
-72.16 -33.63 23 4.08 0.12 -4.20 0.19 -4.40 -0.56 24 X Y 201403041051A  
-71.42 -33.31 85 0.45 -0.99 0.54 -0.21 0.66 1.20 24 X Y 201403060437A  
-67.84 19.43 20 2.18 -2.02 -0.15 -1.34 1.15 0.59 23 X Y 201403062156A  
-25.83 -60.87 19 2.13 -0.63 -1.51 -0.04 0.76 -1.15 23 X Y 201403062347A  
-67.23 -24.32 190 -2.20 -0.55 2.75 1.56 -1.54 -1.07 23 X Y 201403080007A  
-19.40 -61.05 13 -0.26 -0.55 0.81 -0.36 0.16 1.50 24 X Y 201403081829A  
-79.49 1.67 15 1.07 0.03 -1.10 -0.05 -3.18 -0.44 24 X Y 201403092029A  
-19.92 -61.01 18 -0.28 -0.76 1.03 0.27 0.28 4.85 25 X Y 201403110244A  
-27.11 0.91 22 -0.47 0.88 -0.41 -0.18 0.90 -4.77 23 X Y 201403111741A  
-87.90 12.56 74 -1.22 0.85 0.37 1.93 -1.62 -0.66 23 X Y 201403130545A  
-19.57 -61.06 28 -1.83 0.06 1.77 0.03 0.07 0.74 24 X Y 201403131712A  
-73.07 10.36 115 0.62 0.04 -0.66 -1.40 -0.04 4.12 23 X Y 201403142326A  
-76.53 -14.10 22 1.18 -0.05 -1.13 0.29 -1.56 0.42 25 X Y 201403150859A  
-71.86 -34.80 47 5.14 -0.16 -4.98 1.05 -5.28 -0.85 23 X Y 201403151446A  
-81.10 -5.65 33 3.25 -0.53 -2.72 -0.77 1.16 -0.53 25 X Y 201403152351A  
-70.92 -19.94 12 0.93 -0.68 -0.25 0.35 -0.88 0.30 26 X Y 201403162116A  
-71.01 -19.84 22 6.09 -0.38 -5.70 -3.57 0.12 -1.27 23 X Y 201403170134A  
-71.05 -20.01 18 2.51 0.10 -2.61 0.84 -3.78 0.52 25 X Y 201403170511A  
-70.91 -20.02 23 -3.14 -0.67 3.81 3.52 1.23 2.04 23 X Y 201403170832A  
-71.03 -19.92 21 3.48 -0.16 -3.32 0.55 -2.86 0.69 23 X Y 201403171112A  
-32.21 -53.26 25 0.05 0.69 -0.73 -0.08 -0.04 0.02 25 X Y 201403171324A  
-71.03 -19.97 15 2.89 -0.97 -1.92 0.00 -1.36 1.04 23 X Y 201403171905A  
-28.66 0.97 25 -0.48 1.11 -0.64 -0.43 0.12 -3.73 23 X Y 201403180711A  
-71.10 -20.13 22 5.05 0.04 -5.09 0.32 -2.68 0.86 23 X Y 201403181435A  
-71.02 -20.01 14 3.78 0.05 -3.83 -0.10 -5.87 -0.52 24 X Y 201403182126A  
-24.64 -60.96 12 -1.57 1.21 0.36 0.82 0.18 0.87 24 X Y 201403192017A  
-89.97 13.60 12 0.50 -0.53 0.03 6.54 -3.27 0.04 23 X Y 201403201704A  
-87.38 11.36 18 -0.62 0.01 0.61 0.31 -0.28 -0.28 24 X Y 201403201755A  
-69.23 -23.94 119 -3.97 1.24 2.74 2.36 0.74 -5.05 23 X Y 201403201841A  
-71.14 -19.73 19 1.79 0.05 -1.84 0.49 -2.10 0.47 25 X Y 201403221259A  
-71.20 -19.67 23 2.24 -0.15 -2.10 0.26 -1.65 0.38 24 X Y 201403221329A  
-71.22 -19.70 27 4.66 0.03 -4.69 0.63 -3.31 0.90 23 X Y 201403222214A  
-15.52 -35.31 26 -0.73 -0.82 1.55 0.15 0.68 3.40 23 X Y 201403231359A  
-71.05 -19.70 22 1.85 -0.00 -1.85 0.79 -2.00 0.54 25 X Y 201403231819A  
-71.11 -20.01 32 0.80 0.15 -0.95 0.37 -0.35 0.33 24 X Y 201403232023A  
-71.12 -19.76 31 3.65 -0.48 -3.17 2.22 -4.66 2.47 23 X Y 201403232204A  
-71.05 -19.80 22 3.40 0.24 -3.64 0.85 -3.73 0.75 24 X Y 201403241126A  
-71.25 -19.84 33 1.09 -0.08 -1.00 0.17 -0.81 0.16 24 X Y 201403241132A  
-71.12 -19.80 27 2.57 0.05 -2.62 0.46 -3.02 0.38 24 X Y 201403241140A  
-71.15 -19.72 33 5.30 -0.26 -5.04 0.58 -3.25 0.45 23 X Y 201403241232A  
-71.06 -19.54 29 2.95 0.09 -3.04 0.81 -3.36 0.80 24 X Y 201403241545A  
-70.98 -19.66 31 3.97 -0.35 -3.62 0.92 -2.62 1.04 23 X Y 201403241843A  
-71.01 -19.83 24 0.78 -0.04 -0.74 0.27 -0.68 0.34 24 X Y 201403250015A  
-79.32 -2.57 12 0.70 0.09 -0.79 0.06 0.02 0.15 24 X Y 201403250956A  
-68.74 -29.31 28 0.87 0.19 -1.06 -1.80 0.66 3.69 24 X Y 201403272350A  
-86.73 11.54 54 1.46 -1.28 -0.18 1.39 -1.70 1.14 24 X Y 201403281436A  
-21.73 -0.69 24 -0.13 2.68 -2.55 1.51 0.52 -8.79 24 X Y 201403290746A  
-69.27 -19.54 130 -1.54 1.76 -0.22 0.27 -1.79 1.19 24 X Y 201403311253A  
-84.33 3.10 22 -0.22 1.04 -0.82 0.10 0.37 2.80 23 X Y 201403311739A  
-84.26 3.12 19 -0.69 0.67 0.02 -0.43 0.27 2.28 23 X Y 201404011037A  
-10.38 -47.15 18 -0.14 1.39 -1.25 0.59 -1.23 -2.12 24 X Y 201404012313A  
-70.81 -19.70 22 0.92 -0.04 -0.88 0.64 -1.53 0.20 28 X Y 201404012346A  
-71.39 -19.85 21 3.14 -0.24 -2.90 -0.02 -2.52 0.39 26 X Y 201404012358A  
-82.38 7.80 32 -0.09 -0.43 0.53 -0.16 0.28 1.00 25 X Y 201404021613A  
-70.87 -20.36 32 0.96 -0.03 -0.93 0.13 -0.67 0.05 24 X Y 201404021945A  
-71.21 -19.80 26 5.64 -0.69 -4.95 1.73 -3.64 0.96 23 X Y 201404030001A  
-70.88 -20.34 34 0.67 0.05 -0.71 0.16 -0.64 0.14 26 X Y 201404030158A  
-70.60 -20.43 29 2.20 0.05 -2.24 1.22 -4.20 0.38 27 X Y 201404030243A  
-70.90 -20.72 32 6.04 -0.77 -5.27 1.37 -4.03 0.21 25 X Y 201404030526A  
-70.91 -20.61 19 1.94 0.08 -2.02 0.78 -1.69 0.38 25 X Y 201404040137A  
-71.30 -20.03 19 0.67 0.03 -0.70 0.14 -0.60 0.19 24 X Y 201404040938A  
-70.54 -31.45 116 0.34 -0.78 0.44 -0.65 -0.33 1.54 24 X Y 201404040952A  
-71.23 -19.88 32 3.46 -0.47 -2.99 0.43 -1.84 1.02 23 X Y 201404041521A  
-70.74 -20.42 13 2.14 -2.09 -0.05 -0.86 0.70 0.67 23 X Y 201404041602A  
-70.84 -20.13 33 4.08 0.62 -4.70 0.66 -3.18 0.77 23 X Y 201404050033A  
-71.71 -32.74 42 2.32 0.26 -2.57 -0.50 -1.65 -0.34 24 X Y 201404050222A  
-71.07 -20.75 30 4.01 0.03 -4.04 1.83 -3.10 1.21 23 X Y 201404050405A  
-70.79 -20.13 29 0.77 0.05 -0.82 0.22 -0.54 0.16 24 X Y 201404050544A  
-71.15 -19.84 29 2.87 -0.34 -2.53 0.13 -0.92 0.34 23 X Y 201404050754A  
-71.05 -20.24 19 3.66 -1.23 -2.44 -0.92 -0.20 1.41 23 X Y 201404051404A  
-71.16 -20.40 15 -0.09 0.15 -0.06 0.44 -1.10 -0.08 24 X Y 201404061406A  
-71.05 -20.66 22 2.20 -0.18 -2.02 -0.05 -1.03 0.45 23 X Y 201404070624A  
-70.88 -20.13 17 2.19 -3.52 1.33 -4.28 1.17 -1.04 24 X Y 201404071343A  
-71.54 -8.28 574 -0.94 0.39 0.54 0.01 0.13 -0.40 24 X Y 201404071527A  
-71.14 -19.80 28 2.89 -0.33 -2.56 0.53 -1.86 0.70 23 X Y 201404080520A  
-70.99 -20.43 21 3.02 -0.57 -2.44 0.36 -0.73 0.91 23 X Y 201404080543A  
-71.15 -20.62 12 1.54 0.07 -1.60 -0.95 -2.09 -0.39 24 X Y 201404081014A  
-71.31 -19.76 20 3.38 -0.26 -3.12 0.15 -2.56 0.76 23 X Y 201404090432A  
-71.11 -20.65 15 0.62 0.02 -0.64 0.12 -0.64 0.12 24 X Y 201404091114A  
-71.31 -19.87 21 4.05 -0.13 -3.91 -0.03 -4.08 1.44 23 X Y 201404101749A  
-86.54 12.42 15 -0.38 -1.63 2.01 -0.34 -0.30 -0.60 25 X Y 201404102327A  
-86.48 12.45 20 -0.21 -1.20 1.41 0.23 0.06 -0.15 24 X Y 201404110001B  
-70.88 -20.64 15 0.90 0.37 -1.28 -0.51 -1.16 0.14 25 X Y 201404110001A  
-86.22 11.70 142 0.49 -0.25 -0.24 0.53 -0.79 0.08 26 X Y 201404112029A  
-37.35 7.74 18 -2.08 1.70 0.38 3.34 2.01 -4.11 23 X Y 201404131043A  
-71.01 -20.58 22 1.13 -0.04 -1.09 0.41 -1.21 0.28 24 X Y 201404131211A  
-86.39 12.30 12 -0.11 -0.73 0.83 0.01 -0.02 -0.09 24 X Y 201404140507A  
-70.98 -20.73 19 0.70 0.04 -0.74 0.15 -0.77 0.11 24 X Y 201404140556A  
-32.62 4.73 12 -1.45 0.15 1.30 0.26 0.31 -0.19 24 X Y 201404140747A  
-13.89 -0.82 23 -0.82 1.13 -0.31 -0.21 0.42 -1.85 23 X Y 201404151138A  
-70.99 -20.12 20 0.81 0.02 -0.84 0.05 -0.66 0.19 24 X Y 201404151609A  
-70.78 -20.20 13 5.32 -5.28 -0.04 -1.87 0.94 -0.36 23 X Y 201404151621A  
-71.14 -20.20 29 3.59 -0.40 -3.19 0.46 -2.08 1.09 23 X Y 201404151712A  
-71.09 -20.05 21 4.74 -0.14 -4.60 0.04 -2.77 0.97 23 X Y 201404151859A  
-70.84 -20.18 14 3.25 -3.47 0.22 0.64 1.29 0.66 23 X Y 201404160314A  
-28.18 -55.55 14 3.13 -0.75 -2.38 -2.21 7.89 0.81 23 X Y 201404172313A  
-62.56 -27.89 629 1.48 -0.53 -0.95 -0.70 2.47 -0.10 24 X Y 201404180746A  
-71.32 -19.91 22 5.96 -0.82 -5.13 0.31 -4.49 1.32 24 X Y 201404192054A  
-12.61 -28.25 15 -0.83 4.22 -3.39 0.42 0.47 -6.16 23 X Y 201404210321A  
-71.19 -19.69 21 0.76 -0.01 -0.75 0.18 -0.69 0.17 24 X Y 201404211339A  
-36.56 7.53 14 -3.13 0.91 2.21 0.38 -0.28 -1.34 23 X Y 201404230123A  
-17.31 -35.53 20 -0.29 -1.94 2.23 -0.52 0.81 4.03 23 X Y 201404231622A  
-44.94 14.98 12 -1.10 0.07 1.03 -0.31 -0.06 0.20 24 X Y 201404231821A  
-72.92 -34.67 22 -2.81 0.97 1.84 0.17 1.13 1.52 23 X Y 201404241007A  
-71.32 -19.83 20 5.54 -0.30 -5.23 0.60 -3.69 1.05 23 X Y 201404241026A  
-25.71 -60.03 36 0.66 0.14 -0.80 -0.28 0.28 -0.35 24 X Y 201404241246A  
-84.97 -41.42 12 -0.40 0.63 -0.23 -0.28 0.76 -1.72 23 X Y 201404300334A  
-77.92 0.78 15 0.53 1.66 -2.19 -1.14 -1.11 -1.37 23 X Y 201404300543A  
-82.66 7.27 22 2.19 -1.73 -0.46 -1.91 0.41 1.53 23 X Y 201404300952A  
-31.39 3.95 13 -1.60 0.05 1.55 0.38 -1.00 -0.06 23 X Y 201404301116A  
-27.25 -56.17 98 2.16 -1.43 -0.73 -1.98 -0.28 2.92 23 X Y 201404301505A  
-13.53 -0.69 15 -0.87 2.78 -1.91 0.56 0.99 -5.20 24 X Y 201404301552A  
-71.93 -32.66 40 0.68 0.04 -0.71 -0.01 -0.44 0.01 24 X Y 201404301800A  
-89.57 -41.29 13 -0.18 0.22 -0.04 -0.48 -0.20 -1.18 24 X Y 201405011012A  
-71.47 -19.95 28 4.58 -1.41 -3.17 -0.04 -2.31 1.72 23 X Y 201405011645A  
-71.18 -20.02 19 3.91 -0.20 -3.70 0.80 -3.40 1.00 23 X Y 201405040446A  
-71.19 -19.28 30 -1.93 2.68 -0.75 1.07 -0.99 1.38 23 X Y 201405050902A  
-70.99 -20.19 24 1.45 0.00 -1.46 0.11 -0.83 0.17 24 X Y 201405051121A  
-15.22 -35.28 15 -0.06 -0.44 0.50 -0.09 0.26 0.84 24 X Y 201405052239A  
-37.98 8.01 12 -2.84 -0.23 3.07 -0.83 -0.27 0.03 23 X Y 201405080829A  
-12.32 -45.87 20 -6.38 4.55 1.83 1.15 -1.00 2.96 23 X Y 201405100214A  
-82.41 7.36 18 -0.17 0.02 0.15 1.61 1.04 6.46 25 X Y 201405130635A  
-24.77 -56.97 12 1.34 0.28 -1.61 -0.29 1.09 0.51 24 X Y 201405131440A  
-82.43 7.32 19 0.31 -0.08 -0.23 0.72 -0.22 1.54 23 X Y 201405132159A  
-66.63 -22.78 239 0.45 -0.12 -0.33 -0.03 -3.32 0.36 24 X Y 201405140338A  
-82.39 7.60 22 0.03 -0.08 0.05 0.21 0.27 0.95 24 X Y 201405140528A  
-71.26 -19.64 18 0.74 -0.08 -0.66 0.16 -0.71 0.28 24 X Y 201405140551A  
-82.32 7.35 12 -0.09 1.04 -0.95 -0.08 0.00 0.14 24 X Y 201405140946A  
-82.55 5.06 32 0.42 0.48 -0.90 0.10 0.43 2.25 23 X Y 201405141847A  
-79.57 -7.70 56 0.36 1.56 -1.92 -1.70 1.81 -3.38 23 X Y 201405152243A  
-60.24 17.18 12 -4.28 0.63 3.66 -0.30 4.87 -4.94 24 X Y 201405161101A  
-68.82 -23.51 131 -1.87 0.57 1.30 -0.35 -0.92 -1.13 24 X Y 201405161708A  
-13.19 -10.40 14 -2.38 0.48 1.90 1.49 0.90 -0.70 23 X Y 201405162111A  
-71.15 -19.98 18 1.89 0.05 -1.95 0.30 -1.65 0.50 24 X Y 201405170911A  
-27.12 -56.32 96 1.10 1.03 -2.13 -1.27 -0.22 0.13 24 X Y 201405172128A  
-24.35 -57.03 12 1.46 0.05 -1.51 -0.53 0.97 0.39 24 X Y 201405190356A  
-24.73 -57.04 14 3.39 0.05 -3.44 -0.74 2.13 1.11 24 X Y 201405192247A  
-25.45 -57.99 85 -3.34 2.42 0.92 -0.99 4.15 -2.37 23 X Y 201405210128A  
-71.56 -30.60 50 5.76 -0.04 -5.72 0.66 -2.63 1.10 23 X Y 201405210900A  
-28.12 -55.39 15 0.13 -1.46 1.33 -0.24 0.91 1.99 24 X Y 201405220838A  
-25.82 0.84 19 -1.44 2.22 -0.78 -0.58 0.96 -6.57 24 X Y 201405241149A  
-15.12 -1.10 19 -1.07 2.89 -1.82 0.55 1.76 -5.55 23 X Y 201405250139A  
-82.40 6.04 20 -0.49 0.59 -0.10 1.04 0.36 5.79 23 X Y 201405250230A  
-85.28 1.60 15 -0.19 0.55 -0.37 -0.70 -0.05 1.90 23 X Y 201405260538A  
-74.00 -36.02 15 0.46 -0.02 -0.44 -0.16 -0.91 -0.12 24 X Y 201405270904A  
-13.53 -22.92 13 -0.35 -1.74 2.09 0.18 0.10 4.75 23 X Y 201405271059A  
-68.36 18.40 89 3.58 -2.58 -1.00 -4.14 0.11 -2.55 24 X Y 201405282115A  
-70.17 -21.31 73 3.39 0.57 -3.96 -2.05 -0.92 -5.40 23 X Y 201405301141A  
-70.15 -21.23 82 0.37 -0.44 0.07 -0.27 0.22 -3.26 24 X Y 201405301532A  
-72.42 -33.47 31 4.26 -0.24 -4.02 -0.41 -2.32 -0.16 23 X Y 201405302206A  
-26.02 0.76 15 -0.17 0.22 -0.05 -0.09 -0.10 -1.55 23 X Y 201406010647A  
-76.84 -12.51 59 2.54 0.24 -2.78 -1.51 0.92 0.58 23 X Y 201406032134A  
-70.97 -20.66 22 4.39 0.27 -4.66 0.72 -3.62 1.10 23 X Y 201406041704A  
-28.29 -55.48 14 0.43 -0.58 0.16 0.81 1.17 3.40 23 X Y 201406051104A  
-52.05 -61.30 20 -2.65 1.73 0.92 -0.61 -0.29 0.84 23 X Y 201406060438A  
-75.74 -7.21 12 5.95 -0.55 -5.40 -2.71 2.13 1.94 23 X Y 201406062349A  
-27.82 -60.60 13 -2.50 0.24 2.25 1.12 2.28 -0.87 23 X Y 201406080902A  
-68.85 -31.20 107 -0.89 1.07 -0.18 -0.22 0.98 1.81 23 X Y 201406082019A  
-72.91 -16.66 91 0.14 -0.30 0.16 0.90 -0.39 -0.15 24 X Y 201406100403A  
-43.63 11.99 22 -1.53 -0.55 2.08 -1.01 -0.76 -0.69 23 X Y 201406111215A  
-13.62 -46.23 12 -5.96 2.31 3.65 1.00 -1.70 -3.71 24 X Y 201406131930A  
-69.23 -25.15 117 -0.87 -1.13 2.00 2.11 -1.00 2.09 23 X Y 201406142213A  
-79.52 1.73 16 1.68 -0.00 -1.68 -0.14 -4.54 -0.50 24 X Y 201406160639A  
-81.35 11.82 29 0.62 -0.00 -0.61 0.42 0.17 0.99 24 X Y 201406161326A  
-71.13 -19.88 22 4.10 0.22 -4.33 0.68 -3.89 0.88 24 X Y 201406190938A  
-24.34 -58.16 39 2.21 1.55 -3.76 0.58 1.25 0.86 23 X Y 201406191829A  
-71.15 -19.80 23 4.00 0.44 -4.45 0.84 -4.43 0.89 24 X Y 201406191954A  
-71.22 -19.90 28 1.08 -0.05 -1.03 0.33 -0.71 0.22 24 X Y 201406191959A  
-13.49 -46.09 12 4.43 -4.54 0.11 -0.95 0.23 1.92 23 X Y 201406200304A  
-71.19 -19.75 21 1.84 0.01 -1.84 0.50 -1.67 0.47 24 X Y 201406201953A  
-71.21 -19.72 18 4.64 0.11 -4.75 0.76 -5.48 1.08 24 X Y 201406202022A  
-14.60 -13.68 12 -4.25 0.35 3.90 0.25 0.07 -1.05 23 X Y 201406210921A  
-6.27 -50.47 12 -2.00 3.25 -1.25 -0.38 -0.90 -6.18 23 X Y 201406211108A  
-6.21 -50.46 12 -1.21 1.61 -0.40 -0.41 -0.87 -4.28 23 X Y 201406211218A  
-75.53 -13.81 78 0.83 4.93 -5.76 -4.54 1.70 1.41 23 X Y 201406221805A  
-28.31 -55.34 21 0.96 -0.94 -0.03 -0.99 1.72 1.01 26 X Y 201406290752A  
-28.08 -55.20 30 1.63 -0.88 -0.75 -0.17 0.27 0.31 24 X Y 201406291211A  
-27.95 -55.25 13 4.98 -2.39 -2.59 -3.32 3.71 4.54 24 X Y 201406291420A  
-28.03 -55.27 14 1.05 -0.74 -0.32 -0.52 0.40 0.64 25 X Y 201406291432A  
-17.25 0.24 14 -0.73 1.47 -0.75 0.70 -1.24 -3.31 24 X Y 201406300146A  
-28.34 -55.17 13 1.75 -1.10 -0.65 -1.60 1.78 2.36 23 X Y 201406301544A  
-39.76 8.82 12 -0.45 -0.15 0.60 -1.15 0.53 -3.71 23 X Y 201407011239A  
-27.50 0.96 20 -1.49 1.59 -0.10 -0.08 -0.30 -2.85 23 X Y 201407012049A  
-28.34 -55.64 13 -3.30 0.07 3.22 -1.70 1.52 1.27 23 X Y 201407021002A  
-7.97 -49.26 12 -4.64 0.90 3.74 0.42 -1.98 -2.23 23 X Y 201407040534A  
-15.36 -35.19 31 -0.07 -2.12 2.19 0.65 0.92 2.64 23 X Y 201407052322A  
-85.38 10.18 37 0.51 3.68 -4.19 2.09 1.85 -1.06 23 X Y 201407061142A  
-75.83 -15.23 24 3.42 -0.38 -3.04 0.72 -2.21 1.27 23 X Y 201407121425A  
-27.95 -55.32 15 1.88 -0.61 -1.27 -0.82 1.71 1.78 24 X Y 201407121749A  
-27.86 -55.34 14 1.90 -0.94 -0.96 -0.91 0.85 1.35 24 X Y 201407121820A  
-71.36 -32.92 62 1.59 0.34 -1.93 -0.47 0.72 -0.53 23 X Y 201407130316A  
-13.54 -14.35 22 -2.18 1.03 1.15 -0.64 -0.53 -0.76 23 X Y 201407130441A  
-13.76 -14.12 15 -2.58 1.26 1.31 0.20 0.01 -1.24 23 X Y 201407130449A  
-70.81 -30.98 106 0.12 0.04 -0.16 0.28 -1.33 0.20 24 X Y 201407130718A  
-69.44 -24.04 93 -2.07 -0.38 2.45 0.23 -1.38 0.09 23 X Y 201407130846A  
-70.62 -20.30 40 2.22 -0.49 -1.73 1.17 -1.08 1.04 24 X Y 201407132054A  
-73.60 -17.89 12 -0.84 0.51 0.33 0.03 -0.09 -0.39 24 X Y 201407141124A  
-15.14 -45.21 13 -2.88 0.28 2.59 -0.35 -0.73 -0.55 23 X Y 201407151815A  
-88.96 -41.42 12 -0.92 1.38 -0.46 -0.48 -0.41 -7.19 23 X Y 201407170235A  
-71.14 -20.14 22 4.14 -0.29 -3.85 0.57 -2.26 0.80 23 X Y 201407180524A  
-70.95 -20.16 36 4.70 -0.10 -4.60 0.64 -2.14 -0.23 23 X Y 201407210021A  
-11.79 -47.46 24 -0.80 0.67 0.13 -0.15 -0.64 -2.69 23 X Y 201407230632A  
-68.77 -20.29 136 -1.62 -1.36 2.98 1.51 -1.90 -0.25 24 X Y 201407232139A  
-33.37 6.14 24 -2.35 0.27 2.08 -1.01 -0.51 -0.80 23 X Y 201407240931A  
-27.44 -55.32 16 2.69 -1.67 -1.02 -0.55 0.16 1.56 23 X Y 201407241152A  
-72.42 -30.54 15 3.06 -0.32 -2.74 0.53 -1.92 0.31 23 X Y 201407260731A  
-18.38 -60.21 12 -0.74 -0.16 0.90 -0.07 0.12 -0.08 24 X Y 201407261059A  
-18.43 -60.24 12 -5.56 -0.34 5.91 -0.17 0.87 0.16 24 X Y 201407261113A  
-18.42 -60.32 12 -4.39 -0.04 4.44 -0.24 0.56 -0.79 23 X Y 201407261559A  
-15.36 -21.14 17 2.12 -2.18 0.06 -0.50 -1.03 0.21 23 X Y 201407261711A  
-12.18 -19.01 12 -6.67 1.30 5.36 0.15 -1.59 -2.48 23 X Y 201407300224A  
-12.36 -29.04 25 -0.32 -1.70 2.02 1.22 -0.50 1.83 23 X Y 201407310416A  
-27.42 -55.31 12 4.07 -1.28 -2.79 -1.75 0.76 3.00 23 X Y 201407311738A  
-71.45 -16.57 138 -1.48 1.03 0.45 0.36 -1.90 -2.04 23 X Y 201407311809A  
-25.50 -58.18 109 -2.18 1.13 1.05 -1.27 2.00 0.05 23 X Y 201408020111A  
-28.08 -55.39 32 0.20 -0.51 0.31 -0.49 1.49 0.76 24 X Y 201408021402A  
-81.14 -4.11 34 1.69 0.05 -1.74 0.44 -1.82 -0.21 24 X Y 201408032102A  
-81.62 -7.10 12 -1.20 0.33 0.87 0.12 -0.11 -0.58 24 X Y 201408040320A  
-11.51 -5.54 12 -2.39 0.16 2.23 -0.44 0.43 -0.33 23 X Y 201408070326A  
-26.78 0.96 13 -0.37 0.43 -0.06 0.67 0.53 -1.50 23 X Y 201408071901A  
-25.88 0.84 14 -0.18 0.69 -0.52 0.81 0.79 -2.86 23 X Y 201408080006A  
-72.27 -33.64 24 0.78 -0.03 -0.75 -0.10 -0.55 -0.09 24 X Y 201408080410A  
-25.92 0.86 16 -0.59 1.04 -0.45 -0.13 1.36 -4.82 23 X Y 201408101212A  
-66.97 -24.03 211 -3.57 -0.12 3.69 0.57 -2.08 1.36 23 X Y 201408110449A  
-86.08 -41.40 15 -0.08 0.70 -0.62 0.79 -1.04 -3.22 24 X Y 201408111332A  
-78.48 -0.24 12 4.96 0.26 -5.22 -1.16 0.48 -0.41 23 X Y 201408121958A  
-26.53 1.06 12 0.28 0.39 -0.67 0.17 0.15 -1.91 24 X Y 201408131007A  
-70.40 -20.17 64 0.83 0.26 -1.09 0.22 -0.50 0.27 24 X Y 201408140002A  
-71.31 -20.01 20 2.06 -0.13 -1.92 0.08 -1.86 0.60 23 X Y 201408161010A  
-78.50 0.03 20 1.97 0.09 -2.06 -1.30 -0.17 -0.21 23 X Y 201408161508A  
-40.55 9.55 12 -2.11 -0.09 2.20 0.10 0.16 -0.11 23 X Y 201408192358A  
-16.97 -59.25 20 -0.21 0.04 0.17 -0.28 0.03 3.22 24 X Y 201408202318A  
-88.57 12.49 52 2.38 -1.95 -0.42 0.61 -0.23 1.90 23 X Y 201408220207A  
-34.36 7.28 13 -0.37 -0.13 0.50 0.46 -1.14 -6.25 23 X Y 201408221302A  
-69.23 -20.13 125 0.15 0.36 -0.51 0.59 -2.70 0.40 24 X Y 201408230445A  
-71.74 -32.76 42 4.07 0.32 -4.39 -0.18 -3.40 -0.36 25 X Y 201408232232A  
-28.32 -55.38 12 -1.59 1.13 0.46 0.92 2.36 1.93 24 X Y 201408242021A  
-73.72 -14.61 85 -2.11 -0.13 2.24 0.44 -0.09 0.14 26 X Y 201408242321A  
-73.13 -16.20 91 1.67 -1.69 0.02 -1.44 -0.56 0.78 24 X Y 201408251431A  
-82.32 -44.38 12 -1.06 0.03 1.03 0.35 -0.41 -0.31 24 X Y 201408302229A  
-32.23 -53.27 23 0.07 0.72 -0.79 -0.24 -0.13 -0.22 24 X Y 201408310414A  
-84.08 8.97 19 2.69 -1.92 -0.77 1.21 -1.04 1.27 23 X Y 201408311001A  
-9.64 -58.24 20 -0.07 -0.35 0.42 -0.10 -0.44 1.52 24 X Y 201408311807A  
-9.60 -58.22 18 -0.57 -1.30 1.87 0.62 -0.56 2.91 23 X Y 201408311910A  
-63.57 10.52 19 -0.36 1.04 -0.68 2.01 -0.48 -3.28 23 X Y 201409011134A  
-74.91 -15.07 84 0.49 -0.59 0.09 -0.34 0.55 0.46 24 X Y 201409012255A  
-69.61 10.84 15 -0.15 -0.41 0.56 -0.38 -0.38 -1.60 23 X Y 201409022222A  
-81.42 18.96 12 0.03 -0.38 0.35 0.18 -0.10 0.93 24 X Y 201409031001A  
-81.39 18.96 12 -0.08 -0.42 0.50 0.20 -0.25 0.95 24 X Y 201409032334A  
-70.71 -20.78 38 3.53 0.07 -3.60 0.93 -1.84 0.78 23 X Y 201409040926A  
-28.17 -55.22 12 0.60 -0.27 -0.33 -0.43 0.55 0.66 24 X Y 201409060603A  
-85.28 9.74 28 2.24 -1.72 -0.53 1.16 -0.12 0.79 23 X Y 201409091608A  
-30.65 2.06 12 -6.31 -0.01 6.32 0.02 -0.18 -0.04 23 X Y 201409110702A  
-68.94 18.68 100 1.87 -2.13 0.26 -0.25 -0.47 -0.02 23 X Y 201409120212A  
-59.82 -62.67 12 -0.85 3.97 -3.13 -0.47 3.99 3.58 23 X Y 201409120319A  
-12.29 -2.34 12 -3.32 0.47 2.85 0.69 0.48 -0.73 23 X Y 201409122320A  
-17.09 0.30 12 -2.23 -0.03 2.26 1.52 0.90 -1.13 23 X Y 201409140108A  
-18.62 -60.45 12 -4.35 -1.29 5.64 -1.08 2.13 3.00 23 X Y 201409151213A  
-60.14 14.34 16 0.56 -4.63 4.07 3.41 -1.64 4.76 23 X Y 201409152109A  
-28.35 1.05 12 -0.60 1.21 -0.62 -0.60 1.64 -3.50 23 X Y 201409160344A  
-82.40 7.56 15 2.29 0.86 -3.15 3.23 -1.98 2.17 23 X Y 201409161649A  
-86.54 10.56 31 4.29 -3.10 -1.19 2.96 -1.87 2.33 23 X Y 201409181314A  
-79.41 3.08 17 -1.48 0.22 1.26 0.45 0.47 0.33 23 X Y 201409200649A  
-27.40 -56.02 119 3.52 -2.97 -0.56 -3.37 -2.32 1.88 24 X Y 201409221601A  
-82.27 -44.52 12 -4.70 -0.13 4.83 2.31 -0.92 -0.84 23 X Y 201409221835A  
-89.15 11.47 12 -0.82 1.00 -0.18 0.06 -0.26 -0.36 24 X Y 201409240443A  
-17.27 0.19 22 0.10 0.33 -0.43 -0.18 -0.03 -2.07 23 X Y 201409240454A  
-73.76 -34.36 21 -3.28 0.19 3.09 0.39 0.69 0.22 23 X Y 201409240634A  
-66.72 -23.78 228 -2.27 -0.21 2.48 -0.19 -1.28 0.07 25 X Y 201409241116A  
-71.78 -13.65 16 -1.08 5.00 -3.92 0.52 1.28 -0.73 23 X Y 201409280235A  
-73.38 -35.63 20 0.61 0.00 -0.61 -0.04 -0.83 -0.15 24 X Y 201409280846A  
-15.28 -35.03 20 -2.53 0.82 1.71 0.91 1.55 -0.95 23 X Y 201409292058A  
-15.17 -34.99 19 -2.29 0.15 2.14 1.51 0.71 -0.83 23 X Y 201409292353A  
-67.31 -16.57 24 0.64 3.26 -3.91 -1.61 1.22 4.12 23 X Y 201410010608A  
-88.55 12.13 20 1.88 -1.64 -0.24 0.82 0.62 0.74 23 X Y 201410011058A  
-88.62 12.11 19 2.16 -1.94 -0.22 1.27 -0.08 0.71 23 X Y 201410011147A  
-11.35 -6.26 23 -2.45 0.36 2.10 0.37 0.35 0.00 23 X Y 201410011409A  
-88.83 12.08 16 1.80 -1.25 -0.55 1.89 -1.66 0.42 23 X Y 201410011501A  
-82.67 4.69 18 -0.03 0.02 0.01 0.06 0.14 1.10 24 X Y 201410030537A  
-68.47 -31.32 130 -2.01 0.30 1.71 -0.92 0.31 1.38 23 X Y 201410061203A  
-85.81 11.47 188 2.98 -2.01 -0.96 1.71 -1.32 1.40 23 X Y 201410070429A  
-69.63 -19.60 122 -0.83 -0.12 0.95 0.06 -1.20 -0.49 24 X Y 201410070509A  
-71.20 -19.98 20 0.73 -0.04 -0.70 0.09 -0.55 0.18 24 X Y 201410071233A  
-71.21 -19.87 21 2.97 -0.32 -2.65 -0.37 -1.48 0.73 23 X Y 201410071305A  
-87.20 10.60 22 -3.21 1.77 1.44 0.35 0.20 -1.07 23 X Y 201410080540A  
-82.91 3.55 16 -0.24 0.41 -0.17 -0.10 0.59 2.23 23 X Y 201410081026A  
-82.88 3.58 17 0.09 0.20 -0.30 -0.03 0.23 1.39 23 X Y 201410081405A  
-78.19 7.44 17 1.21 1.78 -2.99 -0.20 -0.40 -0.72 23 X Y 201410091033A  
-78.69 -44.58 21 -0.22 1.34 -1.12 -0.18 -0.45 -2.30 23 X Y 201410091734A  
-50.41 -60.69 23 -3.85 1.71 2.14 -1.89 2.46 1.59 23 X Y 201410100514A  
-68.21 -22.94 155 -2.21 0.61 1.60 1.48 -2.04 -2.39 23 X Y 201410121044A  
-12.02 -22.27 12 -2.04 -3.01 5.04 -2.00 -0.49 7.30 23 X Y 201410121707A  
-82.64 5.22 21 0.03 -0.10 0.07 1.30 0.36 4.43 23 X Y 201410130458A  
-73.55 -15.30 107 -1.28 -0.42 1.70 0.58 0.01 -0.31 24 X Y 201410131514A  
-88.45 12.33 41 -0.73 0.48 0.24 0.57 -0.47 -0.41 27 X Y 201410140351A  
-14.11 -45.88 23 -3.12 1.79 1.33 0.65 0.94 -1.72 23 X Y 201410160211A  
-26.16 -58.79 145 -0.80 -5.29 6.09 3.08 -3.60 2.36 23 X Y 201410181214A  
-76.61 -14.57 32 2.98 -0.67 -2.31 0.72 -1.57 0.88 23 X Y 201410181724A  
-39.45 8.92 12 -0.97 0.09 0.87 0.47 0.23 -0.15 24 X Y 201410191951A  
-39.37 8.88 13 -1.32 -0.00 1.32 0.15 -0.12 -0.16 24 X Y 201410192006A  
-13.12 -1.16 22 -2.67 0.23 2.43 -1.45 -0.22 -0.42 23 X Y 201410192246A  
-39.42 8.73 12 -5.18 -1.17 6.35 0.81 -1.73 0.15 23 X Y 201410192356A  
-39.37 8.78 12 -0.88 -0.04 0.93 0.11 -0.16 -0.03 24 X Y 201410192359A  
-39.34 8.66 13 -1.92 0.37 1.55 -0.26 0.62 -0.06 23 X Y 201410201322A  
-39.37 8.73 12 -6.04 -0.30 6.34 2.65 -0.77 0.51 23 X Y 201410201355A  
-39.41 8.43 28 -3.27 0.48 2.79 -1.75 -0.09 0.40 23 X Y 201410201402A  
-39.39 8.68 12 -3.74 0.35 3.40 0.09 0.66 0.50 23 X Y 201410201453A  
-39.42 8.69 12 -2.13 0.18 1.94 1.17 0.70 0.36 23 X Y 201410201532A  
-77.94 0.71 12 1.70 2.29 -3.99 -0.01 -0.13 -0.81 24 X Y 201410201933A  
-14.27 -11.72 19 -0.41 -2.15 2.56 -1.10 -0.36 3.86 23 X Y 201410212311A  
-27.86 -55.31 19 1.80 -0.56 -1.24 -1.32 3.35 2.46 23 X Y 201410221238A  
-44.87 14.95 22 -2.06 0.17 1.88 -1.28 -0.35 -0.70 23 X Y 201410222156A  
-88.76 12.89 64 2.46 -1.83 -0.63 0.38 -0.48 1.36 23 X Y 201410232305A  
-72.39 -34.02 17 0.44 -0.02 -0.41 0.06 -0.84 0.00 24 X Y 201410232338A  
-72.50 -34.14 23 2.19 -0.58 -1.61 0.33 -2.15 -0.07 23 X Y 201410240716A  
-82.28 -44.34 12 -4.85 -0.10 4.95 1.25 -1.33 -0.61 23 X Y 201410241121A  
-72.58 -33.89 30 3.35 -0.82 -2.53 0.32 -2.55 -0.73 23 X Y 201410251705A  
-74.08 -10.47 135 -1.97 1.07 0.90 1.58 -3.90 -2.56 24 X Y 201410261045A  
-82.57 5.90 21 -0.01 -0.17 0.18 0.79 0.06 4.86 23 X Y 201410291322A  
-73.55 -16.16 93 -4.24 3.96 0.28 1.70 -1.08 -1.92 23 X Y 201410302237A  
-76.41 -7.64 12 4.40 -5.49 1.09 -2.25 2.19 -3.18 23 X Y 201410311842A  
-32.66 4.80 12 -2.67 -0.12 2.79 -1.12 0.80 0.01 23 X Y 201411030625A  
-32.66 4.84 12 -0.73 0.01 0.72 0.04 0.21 0.01 24 X Y 201411030718A  
-32.60 4.86 12 -2.58 0.02 2.55 0.44 0.06 -0.01 24 X Y 201411030823A  
-74.11 -41.25 40 2.63 -2.74 0.11 -0.91 -0.25 1.11 23 X Y 201411041144A  
-8.70 -49.11 12 -0.19 1.92 -1.74 0.43 -0.15 -2.43 23 X Y 201411041658A  
-71.39 -19.75 28 2.99 -0.40 -2.60 0.19 -1.69 0.40 23 X Y 201411042231A  
-46.49 17.26 13 -1.34 -0.21 1.55 -0.66 0.10 0.03 23 X Y 201411090135A  
-78.42 -5.57 20 1.55 -0.81 -0.73 0.47 0.02 -1.63 23 X Y 201411091326A  
-82.53 6.25 22 0.16 -0.79 0.63 0.41 0.16 3.81 23 X Y 201411091353A  
-68.80 -21.63 118 -1.11 0.58 0.53 0.47 -1.77 1.60 24 X Y 201411101138A  
-25.07 -59.00 50 0.61 0.22 -0.83 -0.08 0.20 0.05 24 X Y 201411102349A  
-78.23 -2.00 163 -1.82 0.34 1.47 0.07 -0.79 -1.14 23 X Y 201411111402A  
-81.27 -44.98 20 0.03 0.36 -0.39 0.09 -0.11 -1.00 24 X Y 201411120920A  
-85.36 1.13 18 0.01 0.42 -0.43 0.12 0.38 1.89 24 X Y 201411121116A  
-76.75 -12.63 75 0.54 -0.25 -0.29 -0.79 1.10 0.16 24 X Y 201411150018A  
-86.27 10.35 27 3.10 -2.15 -0.94 2.47 -1.49 1.60 23 X Y 201411161021A  
-18.12 -0.02 22 -0.26 0.88 -0.62 0.70 -0.73 -2.61 23 X Y 201411161830A  
-13.29 -24.80 12 -2.62 0.40 2.22 0.33 1.68 -0.15 23 X Y 201411191838A  
-71.30 -19.98 21 4.17 -0.09 -4.07 0.13 -3.07 0.94 23 X Y 201411220650A  
-68.97 -20.57 125 -2.16 0.06 2.10 0.33 -1.47 0.06 23 X Y 201411250854A  
-15.81 -39.81 12 -5.62 0.55 5.06 0.27 -0.32 -1.53 23 X Y 201411251332A  
-15.81 -39.78 12 -0.89 0.01 0.88 0.20 0.04 -0.07 24 X Y 201411251948A  
-73.02 6.89 168 2.84 0.68 -3.52 2.68 0.87 0.46 23 X Y 201411252020A  
-24.93 -58.10 53 1.12 0.06 -1.18 0.04 0.17 0.20 24 X Y 201411271110A  
-77.42 8.83 60 -0.13 -2.21 2.33 -1.90 0.21 4.64 23 X Y 201411280436A  
-71.26 -19.89 13 0.96 0.04 -0.99 0.12 -1.09 0.28 24 X Y 201411291418A  
-15.44 -35.35 21 -0.16 -3.05 3.21 -0.33 0.36 5.76 23 X Y 201412011125A  
-15.45 -35.33 29 1.04 -3.61 2.57 -0.05 0.43 2.63 23 X Y 201412011142A  
-15.31 -35.30 26 0.20 -1.28 1.08 -0.80 -0.31 2.19 23 X Y 201412012042A  
-32.83 5.71 14 -3.51 0.46 3.05 0.71 -0.08 -0.74 23 X Y 201412020137A  
-8.54 -58.11 17 -0.39 -1.56 1.95 0.37 -0.32 3.87 23 X Y 201412021258A  
-71.36 -19.85 23 2.55 -0.38 -2.17 -0.11 -1.25 0.68 23 X Y 201412030228A  
-70.44 -22.65 62 -5.58 3.11 2.47 -1.14 -3.26 2.33 23 X Y 201412030938A  
-76.91 -2.26 163 -2.47 0.63 1.83 7.02 -2.00 -3.31 23 X Y 201412031259A  
-82.71 8.00 19 1.03 -0.64 -0.38 0.41 -0.48 0.54 25 X Y 201412061721A  
-60.27 13.72 15 -0.34 0.50 -0.15 -0.65 1.69 -1.70 23 X Y 201412071535A  
-82.63 7.98 20 0.73 -0.44 -0.29 0.35 -0.33 0.37 26 X Y 201412080854A  
-82.70 7.91 13 1.15 -0.66 -0.49 0.52 -0.63 0.66 24 X Y 201412081844A  
-30.48 2.34 21 -1.86 0.17 1.69 1.35 -1.01 -0.48 23 X Y 201412090734A  
-25.10 -56.91 21 2.24 -0.18 -2.05 -0.23 1.55 0.85 24 X Y 201412111353A  
-24.90 -56.87 28 0.72 -0.10 -0.62 -0.05 0.36 0.23 24 X Y 201412111401A  
-89.58 -41.31 30 0.00 1.84 -1.84 -0.99 -0.34 -4.40 23 X Y 201412112052A  
-71.16 -19.83 21 5.41 0.01 -5.42 0.98 -5.03 1.67 23 X Y 201412121235A  
-26.65 -56.92 79 -2.60 3.64 -1.04 -0.62 -2.43 1.85 23 X Y 201412131501A  
-89.01 12.24 20 1.86 -1.41 -0.45 0.50 -0.27 0.57 23 X Y 201412132352A  
-73.69 5.34 159 -0.23 0.01 0.22 0.13 -2.26 0.33 23 X Y 201412140149A  
-87.59 12.29 75 1.40 -0.25 -1.15 0.55 -1.87 3.31 23 X Y 201412171812A  
-68.99 -20.38 127 -1.30 -0.23 1.53 0.88 -1.21 -0.61 23 X Y 201412180624A  
-25.14 -56.64 14 1.40 0.17 -1.58 -0.11 0.83 0.75 24 X Y 201412182010A  
-61.82 16.37 116 -1.85 2.06 -0.21 2.25 -0.41 1.38 24 X Y 201412191949A  
-77.84 -0.47 20 2.54 0.95 -3.49 -2.01 0.85 1.37 23 X Y 201412211740A  
-44.80 13.60 12 -1.71 0.16 1.55 1.06 -0.14 0.09 23 X Y 201412261709A  
-82.41 6.68 18 -0.02 0.23 -0.21 0.28 0.05 1.16 25 X Y 201412262352A  
-20.64 -0.48 13 0.42 1.18 -1.60 1.31 -0.75 -3.00 23 X Y 201412272231A  
-26.81 -56.48 117 -1.53 4.08 -2.55 -2.38 1.96 2.13 23 X Y 201412280505A  
-30.13 0.80 31 0.05 0.49 -0.54 -0.57 0.56 -3.82 23 X Y 201412281724A  
-26.60 -59.96 126 5.22 -5.11 -0.11 5.32 1.35 -0.88 23 X Y 201412282030A  
-24.43 -56.81 56 1.23 -0.49 -0.74 -0.85 3.23 0.79 24 X Y 201412291741A  
-32.86 5.84 12 -1.60 0.26 1.34 0.61 -0.35 -1.17 23 X Y 201412310646A  
-44.94 14.68 12 -5.18 0.31 4.87 0.57 -0.52 0.01 23 X Y 201501042123A  
-15.02 -35.51 17 -2.20 0.45 1.75 -1.69 -0.27 0.08 23 X Y 201501061622A  
-82.64 5.59 23 -0.08 0.01 0.07 0.53 0.07 6.04 25 X Y 201501070507A  
-68.69 -21.57 132 -1.39 0.70 0.69 0.12 -0.92 -0.85 24 X Y 201501101755A  
-12.42 -22.39 23 -2.62 1.28 1.33 -0.12 -1.68 0.11 23 X Y 201501110842A  
-14.29 -16.98 13 -2.90 0.56 2.34 -0.54 -0.13 -1.32 23 X Y 201501111847A  
-14.20 -17.19 23 -3.98 2.53 1.45 -2.12 -0.34 -1.28 23 X Y 201501112017A  
-74.05 -16.04 70 -2.55 2.86 -0.31 -1.22 0.81 -1.66 23 X Y 201501112139A  
-15.78 -44.67 12 -3.57 1.22 2.36 -0.68 0.69 -1.36 23 X Y 201501120038A  
-14.25 -16.98 12 -4.04 0.89 3.15 -2.12 -1.33 -2.42 23 X Y 201501120304A  
-14.28 -16.75 28 -2.67 1.18 1.49 2.05 0.41 -1.21 23 X Y 201501120541A  
-14.11 -17.07 20 -2.45 1.13 1.32 -0.84 -1.36 -0.67 23 X Y 201501121254A  
-71.14 18.40 21 -0.39 -1.47 1.86 -0.50 0.19 1.00 23 X Y 201501131116A  
-14.33 -16.48 13 -2.97 -0.17 3.14 2.13 0.51 0.61 23 X Y 201501131120A  
-14.27 -16.43 21 -1.93 0.03 1.90 1.06 -0.48 0.10 23 X Y 201501131138A  
-14.26 -17.05 19 -2.09 0.66 1.43 -0.95 -0.39 -0.69 23 X Y 201501140923A  
-14.35 -16.52 17 -2.68 0.28 2.40 2.61 0.24 0.22 23 X Y 201501150218A  
-14.26 -16.18 19 -0.77 -1.15 1.92 2.61 -0.57 0.21 23 X Y 201501150715A  
-11.43 -26.06 12 4.18 -1.46 -2.72 -1.23 0.66 -0.90 23 X Y 201501152029A  
-80.03 -3.35 86 -2.29 5.70 -3.41 0.57 2.68 -6.36 23 X Y 201501161139A  
-63.20 -22.12 573 1.37 -0.11 -1.26 0.04 2.09 0.50 24 X Y 201501171841A  
-71.90 -33.13 25 3.11 0.10 -3.20 2.58 -5.47 -0.06 23 X Y 201501180359A  
-14.37 -16.69 12 -6.79 0.29 6.50 2.46 0.94 -0.36 23 X Y 201501180830A  
-14.28 -16.43 14 -2.13 -0.24 2.37 1.90 -0.47 0.10 23 X Y 201501181544A  
-14.27 -16.95 19 -2.29 0.48 1.81 -0.42 -1.00 -0.27 23 X Y 201501181854A  
-71.01 -23.22 34 4.44 2.44 -6.88 -0.25 -2.14 -2.30 23 X Y 201501201734A  
-34.11 7.27 24 -0.34 -0.62 0.96 0.28 0.08 -2.13 23 X Y 201501210135A  
-69.60 -18.06 147 -0.48 -0.04 0.51 1.67 -2.89 -0.15 23 X Y 201501231412A  
-26.28 -56.46 39 4.14 -0.18 -3.96 2.02 2.61 2.90 23 X Y 201501232116A  
-84.28 3.06 17 -0.30 0.71 -0.41 0.17 0.20 1.72 23 X Y 201501240202A  
-30.12 0.84 23 -1.30 1.56 -0.26 -0.61 0.22 -6.54 23 X Y 201501260732A  
-73.83 -36.84 29 2.53 -0.26 -2.26 -0.49 -2.70 -0.37 23 X Y 201501270527A  
-13.28 -24.77 12 -2.07 0.02 2.05 0.66 -0.72 -0.42 23 X Y 201501271202A  
-85.67 -41.34 12 -5.88 -0.07 5.95 1.01 -0.97 -1.03 23 X Y 201501281325A  
-14.26 -16.68 12 3.00 -0.18 -2.82 -2.45 -0.78 -0.28 23 X Y 201501300334A  
-16.04 -42.34 15 -2.29 1.02 1.27 2.09 1.09 -0.66 23 X Y 201501310514A  
-15.76 -42.85 17 -1.61 0.03 1.58 -1.26 -1.12 0.02 23 X Y 201501310633A  
-82.93 7.68 12 -2.02 -1.63 3.65 1.85 -0.57 7.59 23 X Y 201501311855A  
-82.67 5.30 17 -0.80 0.48 0.32 0.74 0.60 9.59 23 X Y 201501311857A  
-7.73 -49.57 12 -6.89 1.07 5.81 0.53 -2.17 -2.12 23 X Y 201502011851A  
-7.77 -49.52 12 -3.20 0.36 2.84 0.66 -0.70 -0.91 24 X Y 201502012002A  
-76.59 -3.98 112 -4.12 1.33 2.79 -2.21 0.48 -0.69 23 X Y 201502012332A  
-67.14 -32.77 177 0.59 -0.02 -0.57 -2.40 -2.07 1.07 25 X Y 201502021049A  
-71.11 -22.16 36 0.42 0.69 -1.11 0.28 -0.41 -0.66 24 X Y 201502021522A  
-62.69 10.78 114 0.63 -0.66 0.03 2.05 -0.12 -1.34 23 X Y 201502041059A  
-72.13 8.28 15 0.68 0.26 -0.94 0.28 -0.18 -0.56 24 X Y 201502050421A  
-82.65 5.24 17 -0.09 0.31 -0.23 0.30 0.24 3.96 24 X Y 201502050440A  
-82.56 5.22 19 -0.19 -0.09 0.28 -0.46 -0.03 2.80 23 X Y 201502050742A  
-88.08 12.44 59 1.22 -0.98 -0.24 0.09 -0.02 0.63 24 X Y 201502062202A  
-17.06 0.29 12 1.54 1.67 -3.21 -1.42 -3.01 -4.59 23 X Y 201502090759A  
-66.84 -23.50 220 -0.88 -0.07 0.95 0.46 -1.90 -0.37 24 X Y 201502111301A  
-66.80 -23.14 223 -0.80 -0.01 0.81 -0.09 -1.07 -0.07 26 X Y 201502111857A  
-86.37 -41.41 19 -0.68 0.47 0.22 -0.07 1.00 -3.13 23 X Y 201502121819A  
-81.78 7.71 20 0.79 -0.26 -0.53 -0.04 0.37 1.75 23 X Y 201502122221A  
-13.22 -47.19 12 -4.32 0.64 3.68 1.18 -0.08 -1.01 23 X Y 201502141601A  
-14.42 -16.76 12 2.85 0.26 -3.11 0.09 0.75 -0.01 23 X Y 201502141654A  
-14.38 -46.06 20 -2.30 0.89 1.41 -0.10 0.14 -0.30 23 X Y 201502141732A  
-29.45 -55.48 20 -0.43 -1.79 2.22 0.67 0.86 1.34 23 X Y 201502141912A  
-12.42 -4.67 15 -2.23 0.04 2.20 -1.19 -0.34 -0.28 23 X Y 201502151146A  
-12.45 -4.52 12 -2.53 -0.18 2.71 0.33 -0.11 -0.35 23 X Y 201502151210A  
-28.14 -55.50 14 1.00 -0.62 -0.39 -0.91 2.71 1.11 25 X Y 201502162200A  
-27.92 -55.43 24 1.37 -0.56 -0.81 0.04 0.90 0.87 24 X Y 201502170306A  
-70.86 -32.33 102 0.04 -0.97 0.93 0.15 0.33 1.09 24 X Y 201502171435A  
-13.50 -7.58 12 -0.80 0.02 0.78 -0.07 -0.16 -0.19 24 X Y 201502180220A  
-13.53 -7.39 18 -2.96 0.33 2.63 1.33 0.22 -0.69 23 X Y 201502180332A  
-25.49 -56.75 24 1.69 -2.02 0.33 0.38 1.13 -2.59 23 X Y 201502182247A  
-84.43 2.28 18 -0.44 1.28 -0.83 -0.95 0.39 3.53 23 X Y 201502200746A  
-13.29 -22.69 12 -0.87 -0.10 0.97 0.10 0.07 0.03 24 X Y 201502200908A  
-14.08 -16.59 17 3.62 0.59 -4.21 -4.81 1.65 1.00 23 X Y 201502211134A  
-76.06 4.80 103 -0.28 -0.46 0.74 -0.07 -4.47 -5.56 23 X Y 201502212226A  
-3.81 -29.01 17 4.33 -4.47 0.13 0.28 2.45 -2.12 23 X Y 201502221148A  
-76.46 2.73 161 -1.05 -0.55 1.60 -1.03 -1.55 -1.39 24 X Y 201502221256A  
-67.10 -24.08 219 -2.98 -0.38 3.36 -1.69 -2.24 -2.12 23 X Y 201502221826A  
-66.86 -22.71 215 -0.87 0.07 0.80 0.02 -0.72 -0.45 24 X Y 201502240513A  
-26.41 1.07 12 -0.19 0.44 -0.25 0.24 0.02 -1.24 24 X Y 201502240654A  
-16.33 -40.24 12 -0.90 0.13 0.78 0.13 -0.25 -0.26 24 X Y 201502251348A  
-26.64 -56.45 101 0.98 1.93 -2.91 -7.70 4.22 1.47 23 X Y 201502281927A  
-72.01 -15.69 22 -2.44 2.11 0.33 -0.87 0.67 -1.32 23 X Y 201502282010A  
-28.05 1.12 13 -0.09 0.55 -0.46 -0.25 -0.16 -1.10 23 X Y 201503010142A  
-71.75 -27.42 36 2.89 0.64 -3.53 0.40 -2.51 0.06 23 X Y 201503011548A  
-71.34 -28.05 35 0.75 0.29 -1.04 0.15 -0.54 -0.14 24 X Y 201503021653A  
-69.33 -20.16 116 -5.34 1.13 4.20 0.39 -4.84 -1.86 23 X Y 201503031245A  
-13.16 -28.07 12 -5.09 0.31 4.78 1.18 -0.12 -1.42 23 X Y 201503040545A  
-13.16 -28.00 12 -5.50 0.74 4.76 2.58 -0.06 -2.14 23 X Y 201503041401A  
-72.74 -34.17 25 0.22 0.66 -0.88 -0.21 -3.59 -2.07 23 X Y 201503050208A  
-71.52 -29.31 61 0.31 0.33 -0.63 -0.28 0.50 -0.36 24 X Y 201503052130A  
-78.91 -44.52 14 -0.17 2.06 -1.89 -0.30 -1.36 -3.74 23 X Y 201503061039A  
-82.68 6.51 14 0.17 -1.48 1.30 0.86 0.16 5.48 24 X Y 201503090248A  
-73.79 -34.48 15 -2.59 0.64 1.95 -0.50 0.67 0.92 23 X Y 201503090753A  
-73.11 6.83 156 -1.16 -0.85 2.01 -1.25 -2.05 -0.24 25 X Y 201503102055A  
-86.66 10.50 19 0.90 -0.63 -0.28 0.76 -0.66 0.50 24 X Y 201503111623A  
-39.44 8.17 15 -2.44 -1.03 3.48 -0.19 0.93 -2.58 23 X Y 201503121523A  
-73.51 -44.79 25 -0.23 0.88 -0.65 0.86 1.62 2.93 23 X Y 201503131916A  
-66.85 -57.74 19 0.26 3.74 -4.00 1.61 3.04 0.37 23 X Y 201503140018A  
-14.02 -17.43 15 -2.97 0.43 2.53 0.70 -0.73 -0.47 23 X Y 201503140321A  
-11.54 -26.16 12 3.99 -1.74 -2.25 -0.11 -1.38 -1.39 23 X Y 201503152247A  
-71.47 -18.55 34 3.12 -0.49 -2.63 1.44 -1.50 1.40 23 X Y 201503180539A  
-73.90 -36.16 12 1.02 0.06 -1.08 -0.34 -1.57 -0.23 25 X Y 201503181827A  
-74.06 -36.09 15 1.07 0.05 -1.12 -0.23 -1.12 -0.13 24 X Y 201503181907A  
-28.07 -55.32 18 2.83 -1.37 -1.46 -0.83 5.01 2.44 23 X Y 201503190349A  
-74.01 -36.17 14 3.18 0.16 -3.35 -0.41 -2.65 -0.21 23 X Y 201503190834A  
-80.76 -3.31 41 -1.70 3.07 -1.37 1.45 0.98 -0.27 23 X Y 201503191152A  
-87.26 10.87 14 3.99 -2.62 -1.37 2.87 -4.13 1.65 23 X Y 201503201520A  
-87.08 10.95 28 2.63 -2.11 -0.52 1.04 -0.14 1.48 23 X Y 201503201638A  
-79.25 -9.24 52 2.74 -0.19 -2.55 0.03 -1.41 0.48 23 X Y 201503211658A  
-87.24 10.80 15 1.21 -0.58 -0.63 1.94 -1.21 0.56 23 X Y 201503220900A  
-73.07 6.98 170 0.64 1.06 -1.71 0.83 -1.44 -1.66 23 X Y 201503222227A  
-69.44 -18.47 141 -1.52 -0.78 2.30 1.04 -5.04 0.91 25 X Y 201503230451A  
-81.85 7.70 12 -1.83 1.72 0.11 1.39 0.54 4.67 23 X Y 201503241919A  
-87.34 -48.58 12 3.17 -0.43 -2.74 1.20 1.05 0.07 23 X Y 201503241955A  
-70.94 -20.58 21 5.27 0.20 -5.47 0.25 -3.46 1.04 23 X Y 201503242246A  
-77.83 -1.41 201 -1.00 0.73 0.27 1.09 -1.80 -0.98 24 X Y 201503272159A  
-68.76 -22.07 123 -2.95 -0.58 3.53 -0.20 -2.02 -0.99 24 X Y 201503281636A  
-66.26 -22.78 257 1.97 -0.46 -1.51 0.17 -8.38 4.42 23 X Y 201503302100A  
-71.97 -29.48 29 0.56 0.21 -0.77 -0.53 -0.91 0.54 24 X Y 201504010817A  
-78.03 -10.54 26 -0.30 0.23 0.07 -1.40 1.84 -0.04 24 X Y 201504011645A  
-13.12 -6.94 18 -3.16 1.27 1.89 0.09 -0.43 -0.07 23 X Y 201504030935A  
-88.37 12.57 58 1.00 -0.76 -0.24 0.18 -0.19 0.49 24 X Y 201504050007A  
-89.97 13.11 34 0.79 -0.83 0.03 0.24 -0.14 0.27 24 X Y 201504081544A  
-88.73 -41.39 12 -0.15 0.23 -0.07 -0.06 -0.05 -1.27 24 X Y 201504100610A  
-12.86 -1.86 12 -1.48 0.95 0.53 0.60 -0.59 -0.73 23 X Y 201504130443A  
-79.82 -8.28 39 1.77 -0.01 -1.76 -1.40 1.56 0.15 23 X Y 201504131432A  
-68.51 -21.14 139 -0.61 0.26 0.35 0.43 -0.08 -0.62 24 X Y 201504132216A  
-36.08 -61.30 13 -3.38 1.80 1.58 0.71 0.66 2.14 23 X Y 201504140738A  
-76.31 -14.51 24 0.61 -0.05 -0.56 0.15 -0.62 0.30 24 X Y 201504150659A  
-62.24 10.77 78 3.22 -0.85 -2.37 2.67 2.89 -1.82 23 X Y 201504160224A  
-37.92 8.11 12 -2.95 -0.15 3.10 -0.32 -0.88 0.04 23 X Y 201504180908A  
-71.36 -14.71 154 -0.82 0.38 0.44 -0.56 0.14 -0.53 24 X Y 201504211900A  
-80.16 -8.33 27 2.18 -0.18 -2.00 0.46 -4.32 0.59 24 X Y 201504262335A  
-79.81 -2.30 107 -0.80 -0.54 1.35 0.65 -0.47 -0.25 24 X Y 201504281119A  
-89.24 11.77 12 -6.15 3.07 3.07 0.93 0.90 -3.41 23 X Y 201504291122A  
-26.44 -60.74 15 1.00 1.52 -2.52 0.22 2.24 -2.81 24 X Y 201504301019A  
-82.57 5.51 18 -0.10 0.29 -0.19 0.09 0.45 2.12 23 X Y 201505011716A  
-40.47 9.25 12 -4.28 0.08 4.20 2.66 -0.07 -0.04 23 X Y 201505030417A  
-13.20 -0.78 12 -2.36 0.40 1.96 1.29 0.07 -0.76 23 X Y 201505041102A  
-26.81 -56.67 113 0.58 0.17 -0.74 -1.12 -0.94 -0.35 24 X Y 201505041804A  
-12.20 -3.91 13 -4.48 -0.23 4.71 -1.28 -1.41 0.49 23 X Y 201505042102A  
-72.14 11.42 32 0.03 -1.22 1.20 0.73 -0.91 1.83 23 X Y 201505091431A  
-12.55 -47.48 18 -1.18 2.29 -1.11 0.34 0.63 -2.34 23 X Y 201505132248A  
-86.59 10.79 32 4.54 -3.13 -1.41 1.98 -1.39 2.53 23 X Y 201505141408A  
-71.69 -28.78 25 3.49 0.05 -3.54 -0.62 -8.16 -0.94 23 X Y 201505141508A  
-75.76 -13.79 91 1.30 -0.73 -0.57 -0.29 2.37 2.57 23 X Y 201505141833A  
-75.39 -15.59 30 1.36 -0.14 -1.22 0.53 -0.42 0.64 24 X Y 201505152107A  
-74.42 -7.81 161 -4.22 -0.32 4.54 -0.92 0.55 -0.36 23 X Y 201505160119A  
-20.19 -60.67 12 -1.29 1.12 0.18 0.15 -0.20 0.52 24 X Y 201505171943A  
-13.82 -16.99 22 2.46 -0.33 -2.13 1.15 2.19 1.53 23 X Y 201505191014A  
-71.08 -20.13 21 0.85 0.08 -0.93 0.04 -0.68 0.14 24 X Y 201505221939A  
-71.15 -20.20 31 3.21 -0.18 -3.03 0.53 -2.28 0.23 23 X Y 201505231309A  
-14.10 -16.78 12 3.66 -0.09 -3.57 -0.11 -0.12 0.52 25 X Y 201505240453A  
-25.82 -59.98 46 4.60 -0.42 -4.18 -0.91 1.04 -2.53 24 X Y 201505242106A  
-36.35 7.57 12 -0.16 0.01 0.15 0.21 0.00 -1.19 24 X Y 201505242359A  
-14.16 -16.69 12 2.03 -1.29 -0.73 -1.54 -0.16 1.08 23 X Y 201505250206A  
-28.82 -60.19 17 -0.84 1.27 -0.43 -1.14 -0.86 -2.23 23 X Y 201505251300A  
-89.60 -41.32 19 -0.25 0.84 -0.60 -1.23 0.44 -2.43 23 X Y 201505260116A  
-68.63 -21.94 143 -0.41 -1.11 1.52 -0.54 -2.64 -1.24 24 X Y 201505261032A  
-24.55 -58.95 29 1.78 0.36 -2.14 -0.11 0.94 -0.29 24 X Y 201505262327A  
-24.51 -58.97 31 3.18 0.70 -3.88 -0.96 0.69 0.23 24 X Y 201505262341A  
-24.62 -58.99 30 3.05 0.04 -3.09 -0.04 1.29 -0.64 24 X Y 201505262351A  
-24.78 -59.08 35 3.82 0.07 -3.89 -0.33 -0.31 -0.54 23 X Y 201505270324A  
-24.66 -58.89 32 2.33 1.29 -3.62 -0.02 0.44 -0.25 23 X Y 201505270509A  
-17.28 0.28 21 -0.57 1.26 -0.69 0.21 -0.66 -2.82 23 X Y 201505271705A  
-71.10 -28.23 58 0.74 0.11 -0.85 0.15 -0.46 -0.18 24 X Y 201505290428A  
-79.70 1.24 24 0.90 0.11 -1.01 -0.02 -1.29 -0.35 24 X Y 201505300626A  
-71.18 -19.85 28 3.28 0.16 -3.44 0.24 -2.60 0.71 23 X Y 201505311608A  
-14.10 -16.74 13 2.23 -1.68 -0.55 -0.54 -0.32 0.65 23 X Y 201506020011A  
-76.31 -4.11 114 -2.51 -0.46 2.97 -0.14 1.45 -1.01 23 X Y 201506020822A  
-72.60 -33.84 22 4.38 0.03 -4.41 -0.29 -3.99 -1.47 23 X Y 201506021032A  
-12.75 -6.95 19 -0.63 -1.04 1.67 0.37 -0.23 3.13 23 X Y 201506031918A  
-31.33 3.42 17 -2.58 0.36 2.22 0.50 0.46 -0.55 23 X Y 201506032106A  
-82.36 6.48 26 -0.02 0.52 -0.50 0.01 -0.07 1.88 23 X Y 201506062156A  
-81.37 -6.83 14 5.19 -1.46 -3.73 2.14 -6.95 1.94 23 X Y 201506070639A  
-11.27 -6.65 21 -2.97 0.49 2.48 -1.46 -0.11 0.01 23 X Y 201506082003A  
-68.47 -22.48 147 -1.47 0.95 0.53 0.33 -0.04 -0.91 25 X Y 201506101352A  
-15.94 -43.26 17 -2.32 -0.53 2.85 -5.39 0.26 -0.05 23 X Y 201506160023A  
-16.40 -35.38 22 0.08 -1.31 1.23 -0.05 0.37 2.64 26 X Y 201506171251A  
-74.10 -36.35 12 2.94 0.06 -3.00 -1.19 -4.10 -0.71 25 X Y 201506200210A  
-74.10 -36.47 12 0.95 0.02 -0.97 -0.17 -1.29 -0.17 24 X Y 201506200522A  
-25.82 -60.00 44 3.38 0.16 -3.55 -0.95 1.16 -1.57 24 X Y 201506200532A  
-68.34 -21.70 149 -4.67 0.83 3.84 1.19 -1.28 -2.13 23 X Y 201506221142A  
-82.77 8.34 13 2.35 -0.26 -2.09 -0.48 0.03 0.23 23 X Y 201506250253A  
-4.82 -52.22 12 -1.51 2.26 -0.75 0.22 -1.35 -4.61 23 X Y 201506270141A  
-4.76 -52.22 12 -2.39 4.30 -1.91 1.16 -0.54 -5.88 23 X Y 201506270251A  
-89.45 -41.32 16 -0.47 0.88 -0.41 -1.26 0.44 -3.00 23 X Y 201506280346A  
-74.51 -16.09 38 5.40 -0.86 -4.54 0.73 -4.61 3.26 24 X Y 201506290909A  
-35.19 -60.69 12 -1.24 -0.05 1.30 1.25 0.83 1.24 24 X Y 201507011824A  
-16.10 -34.63 12 5.14 -5.82 0.67 -3.10 0.70 2.64 23 X Y 201507020726A  
-7.52 -50.01 19 -4.49 2.49 1.99 1.31 0.10 -1.86 23 X Y 201507031536A  
-71.51 -13.74 16 -2.21 2.19 0.02 -0.14 -1.08 -0.21 23 X Y 201507060823A  
-80.87 -7.27 21 3.84 -1.03 -2.81 1.19 -4.78 1.24 23 X Y 201507061117A  
-70.37 -33.48 124 -0.94 0.08 0.86 -0.62 -2.23 -0.26 23 X Y 201507071335A  
-23.11 -59.11 20 -2.42 -0.94 3.35 -0.19 0.80 0.75 23 X Y 201507080708A  
-29.30 -59.98 14 -4.15 0.40 3.75 -2.42 1.66 1.23 23 X Y 201507080715A  
-84.76 1.73 23 -3.71 3.01 0.70 0.36 0.03 -0.10 23 X Y 201507081700A  
-84.78 1.74 17 -2.13 2.15 -0.02 0.89 0.89 0.08 23 X Y 201507081718A  
-24.72 -59.04 33 2.99 0.55 -3.54 -1.32 0.21 -0.44 23 X Y 201507082225A  
-75.77 -9.07 31 0.67 0.02 -0.69 0.22 -0.29 0.14 24 X Y 201507091808A  
-26.67 -55.33 16 5.32 -2.62 -2.71 -1.77 2.88 2.89 23 X Y 201507101603A  
-28.43 -55.39 22 3.25 -3.39 0.14 -1.01 3.63 2.73 23 X Y 201507121035A  
-27.91 -55.91 133 0.64 -0.49 -0.15 -0.49 0.11 0.46 24 X Y 201507132016A  
-14.38 -34.21 17 -1.09 -2.20 3.29 -0.71 1.55 5.53 23 X Y 201507150057A  
-76.14 -14.73 31 2.82 0.13 -2.95 0.37 -1.59 1.55 23 X Y 201507151631A  
-12.95 -11.20 18 -3.96 0.83 3.12 -0.58 -0.22 -1.58 23 X Y 201507151852A  
-71.82 -29.40 32 -0.72 0.15 0.57 0.32 -0.05 0.26 24 X Y 201507161048A  
-58.36 13.91 17 -1.04 -3.87 4.92 0.79 0.40 0.97 24 X Y 201507161101A  
-58.38 13.92 19 -0.75 -5.42 6.18 0.25 0.29 1.36 25 X Y 201507161516A  
-73.42 -35.57 22 0.68 0.04 -0.72 -0.04 -0.95 -0.19 24 X Y 201507171111A  
-87.77 -41.19 26 -0.87 1.29 -0.43 0.45 -0.33 -2.32 23 X Y 201507172217A  
-79.26 2.96 12 1.40 0.04 -1.44 -0.42 -4.19 -0.31 23 X Y 201507191116A  
-85.32 1.02 20 -0.34 0.67 -0.33 -0.44 -0.07 2.86 23 X Y 201507191119A  
-74.45 -35.81 17 -5.35 0.72 4.62 0.52 0.15 1.67 23 X Y 201507200947A  
-27.23 -56.18 137 2.01 -2.40 0.38 -0.97 -0.88 2.94 23 X Y 201507221518A  
-13.34 -11.56 26 0.22 -0.99 0.78 -0.51 -0.80 1.95 23 X Y 201507222139A  
-21.05 -0.60 25 -0.26 1.15 -0.89 0.65 -0.20 -3.20 24 X Y 201507230356A  
-82.75 17.64 24 -1.02 -1.41 2.44 0.06 -0.60 3.47 23 X Y 201507232022A  
-70.65 -20.28 48 0.72 0.09 -0.81 0.12 -0.50 0.42 24 X Y 201507242314A  
-75.50 -8.29 127 -3.22 -1.55 4.77 -1.94 0.23 0.57 23 X Y 201507250734A  
-77.32 8.24 23 0.44 -0.92 0.48 -0.06 0.29 -0.54 25 X Y 201507290010A  
-68.80 -21.18 125 -1.52 -0.09 1.60 -0.41 -1.55 0.16 23 X Y 201507301032A  
-82.98 3.28 20 -0.56 0.88 -0.32 0.03 0.08 2.61 23 X Y 201507302054A  
-68.44 -29.93 23 6.04 -1.03 -5.01 -2.14 3.06 1.72 23 X Y 201508011130A  
-11.58 -6.67 17 -0.26 -0.56 0.82 1.34 -0.74 1.46 23 X Y 201508011419A  
-9.74 -48.54 12 -5.62 0.32 5.30 -1.15 -0.68 -0.88 23 X Y 201508020529A  
-13.76 -25.79 17 -0.12 -0.34 0.46 0.04 0.25 0.82 24 X Y 201508021053A  
-28.42 1.08 12 0.00 0.17 -0.17 0.09 0.21 -1.14 24 X Y 201508062136A  
-85.37 1.00 15 -0.13 0.94 -0.81 -0.05 0.94 2.77 24 X Y 201508071218A  
-85.37 1.09 15 -0.09 1.05 -0.96 -0.05 0.38 2.57 24 X Y 201508071348A  
-14.57 -13.81 15 -2.13 0.13 1.99 -0.19 0.74 -0.35 23 X Y 201508082115A  
-14.50 -13.81 14 -2.34 0.10 2.25 0.32 -0.13 -0.28 23 X Y 201508090239A  
-82.65 5.02 20 0.01 0.14 -0.16 0.20 0.14 1.57 24 X Y 201508090836A  
-9.64 -48.62 15 -3.61 0.17 3.44 -1.63 -1.69 -0.47 23 X Y 201508091527A  
-71.79 -31.84 38 1.78 0.07 -1.84 0.12 -1.31 0.39 24 X Y 201508120014A  
-30.41 -56.00 15 -1.65 0.43 1.22 -1.18 1.39 0.20 23 X Y 201508200542A  
-88.25 -41.35 21 -0.69 1.04 -0.35 -0.04 0.31 -2.75 23 X Y 201508211113A  
-45.07 14.94 17 -1.30 -0.09 1.39 1.38 1.10 0.01 23 X Y 201508220444A  
-71.53 -29.59 46 3.94 -0.10 -3.85 -0.72 -0.88 -1.94 24 X Y 201508232310A  
-71.58 -29.75 44 2.46 -0.27 -2.19 -0.55 -0.83 -0.95 23 X Y 201508240513A  
-16.10 -0.68 12 -2.64 0.02 2.63 0.06 0.07 -0.67 23 X Y 201508260511A  
-16.03 -0.75 12 -3.05 0.14 2.91 -0.99 -1.24 -0.57 23 X Y 201508260558A  
-82.30 7.03 15 -0.11 0.15 -0.05 -0.17 0.15 1.10 23 X Y 201508261200A  
-25.17 -57.57 49 4.50 0.13 -4.63 -0.01 1.46 1.19 24 X Y 201508261351A  
-71.83 -15.81 21 -0.12 2.84 -2.72 -1.03 0.85 2.95 23 X Y 201508280411A  
-4.68 -52.27 12 -2.28 2.20 0.07 -0.73 -1.55 -1.38 23 X Y 201509010230A  
-69.35 -19.73 137 -0.94 1.38 -0.45 -0.17 -0.39 1.19 24 X Y 201509011528A  
-85.65 -41.33 12 -0.70 -0.09 0.78 0.17 0.02 -0.11 24 X Y 201509031224A  
-75.56 -38.04 19 -3.28 0.40 2.88 0.10 -0.14 0.24 23 X Y 201509051815A  
-49.15 -60.43 27 0.13 0.20 -0.33 1.98 -0.28 2.98 23 X Y 201509060515A  
-77.91 8.66 29 2.70 -0.24 -2.46 -0.80 0.43 -1.04 23 X Y 201509070551A  
-25.79 -60.00 36 2.66 1.12 -3.78 -1.41 0.41 -1.34 23 X Y 201509090235A  
-13.13 -10.86 18 -2.77 0.36 2.42 0.64 0.68 -0.37 23 X Y 201509091030A  
-13.00 -10.72 15 -2.93 0.25 2.68 1.57 -1.15 -0.28 23 X Y 201509091051A  
-62.43 11.10 115 1.52 -2.20 0.69 1.26 1.23 0.03 23 X Y 201509100749A  
-86.73 12.89 14 -1.61 0.04 1.57 -0.44 0.84 -0.03 23 X Y 201509140813A  
-71.23 -19.88 20 4.30 -0.04 -4.26 -0.03 -3.62 1.37 23 X Y 201509152121A  
-71.17 -19.90 27 3.22 -0.21 -3.01 0.33 -2.58 0.80 23 X Y 201509152203A  
-71.14 -19.95 24 3.17 -0.26 -2.92 0.33 -1.31 0.83 23 X Y 201509161824A  
-71.12 -19.80 24 3.88 -0.43 -3.44 -0.21 -1.56 0.56 23 X Y 201509161856A  
-72.09 -31.13 17 1.95 -0.04 -1.91 0.74 -2.48 0.09 28 X Y 201509162254A  
-71.95 -31.79 36 5.13 -0.64 -4.49 0.26 -2.85 0.64 26 X Y 201509162318A  
-71.94 -31.65 37 1.61 -0.24 -1.37 0.19 -0.87 0.15 26 X Y 201509170410A  
-72.41 -32.27 22 6.44 -1.05 -5.39 0.71 -4.76 0.67 24 X Y 201509171214A  
-72.28 -32.23 17 0.70 -0.03 -0.67 -0.02 -0.70 0.01 25 X Y 201509171332A  
-72.02 -30.08 31 0.84 0.01 -0.85 0.22 -0.48 0.17 24 X Y 201509172040A  
-72.27 -30.37 21 5.03 -0.80 -4.23 -0.31 -3.24 -0.01 23 X Y 201509172208A  
-71.96 -31.12 39 -3.50 1.81 1.68 -0.41 -4.12 1.32 23 X Y 201509172239A  
-71.76 -31.44 41 4.06 -0.10 -3.96 0.51 -1.14 0.17 23 X Y 201509180315A  
-72.28 -31.85 28 4.71 -0.22 -4.49 0.51 -4.85 0.36 23 X Y 201509180332A  
-71.99 -31.59 35 5.24 -0.92 -4.32 -0.04 -0.64 -0.31 23 X Y 201509180429A  
-72.60 -32.32 12 1.26 -0.08 -1.18 0.15 -1.45 0.19 24 X Y 201509180818A  
-72.30 -32.31 13 1.26 0.04 -1.30 0.02 -1.21 0.18 25 X Y 201509180910A  
-71.90 -31.48 30 2.25 -0.17 -2.08 -0.69 -2.10 -0.14 23 X Y 201509181351A  
-45.81 15.38 12 0.01 -0.35 0.34 0.21 0.07 -1.14 25 X Y 201509181559A  
-72.29 -30.45 18 4.39 -0.16 -4.23 0.20 -3.98 0.25 23 X Y 201509182212A  
-72.95 -30.33 12 -3.23 0.38 2.85 0.67 -0.72 0.55 23 X Y 201509182235A  
-71.87 -31.60 34 2.94 -0.32 -2.62 0.73 -1.51 0.63 23 X Y 201509190249A  
-72.96 -30.48 19 -2.93 0.48 2.46 0.72 0.68 0.14 23 X Y 201509190433A  
-72.30 -29.73 12 0.92 -0.05 -0.88 -0.05 -0.54 0.09 25 X Y 201509190506A  
-72.30 -30.26 14 1.11 0.02 -1.14 0.01 -0.99 -0.00 24 X Y 201509190831A  
-71.86 -31.20 37 4.95 0.15 -5.11 0.54 -3.12 0.76 24 X Y 201509190907A  
-72.05 -32.34 20 1.87 0.06 -1.94 0.13 -1.86 -0.07 25 X Y 201509191252A  
-72.18 -30.71 23 2.40 0.04 -2.44 0.53 -1.95 0.31 24 X Y 201509191308A  
-72.14 -31.41 38 3.22 -0.09 -3.12 0.18 -1.74 -0.14 23 X Y 201509191813A  
-71.47 -31.02 50 5.42 0.16 -5.58 -0.39 -2.73 1.14 23 X Y 201509200302A  
-72.18 -31.79 23 6.32 -0.13 -6.19 -0.04 -4.52 0.67 23 X Y 201509200607A  
-72.30 -30.36 17 3.66 -0.32 -3.35 -1.55 -3.58 -0.75 23 X Y 201509200902A  
-71.92 -30.46 34 2.72 -0.02 -2.70 0.11 -1.68 0.28 23 X Y 201509201718A  
-71.84 -31.66 38 1.41 0.07 -1.48 0.25 -1.01 0.11 25 X Y 201509210539A  
-72.85 -31.17 12 -2.24 0.13 2.11 -0.02 -0.43 -0.08 23 X Y 201509211249A  
-71.95 -31.17 31 1.41 0.09 -1.50 0.19 -1.34 0.22 24 X Y 201509211537A  
-71.81 -31.77 39 0.78 0.02 -0.80 0.02 -0.54 0.00 26 X Y 201509211739A  
-72.02 -31.14 39 5.86 -0.86 -5.00 0.30 -2.66 0.84 24 X Y 201509211836A  
-71.87 -31.94 42 4.34 -0.46 -3.88 0.87 -2.32 1.11 24 X Y 201509211956A  
-71.39 -31.58 64 1.15 0.14 -1.29 0.28 -0.83 0.20 25 X Y 201509220712A  
-85.77 9.15 12 -1.61 1.68 -0.07 -0.41 -0.28 -0.08 23 X Y 201509221506A  
-72.03 -31.67 29 4.91 0.06 -4.97 -0.28 -3.73 0.10 23 X Y 201509231132A  
-69.32 -20.79 83 -1.24 1.60 -0.36 0.43 -0.64 -0.73 23 X Y 201509250321A  
-72.27 -30.58 28 3.16 0.33 -3.49 -0.24 -2.15 0.49 23 X Y 201509252030A  
-71.62 -30.88 52 2.78 0.26 -3.04 0.24 -1.30 0.34 25 X Y 201509260251A  
-29.92 -55.86 21 -1.69 0.88 0.81 0.53 -0.32 1.54 23 X Y 201509261950A  
-71.73 -31.79 38 5.46 -0.76 -4.70 0.31 -2.96 1.51 23 X Y 201509272104A  
-72.40 -31.77 23 2.66 -0.19 -2.47 -0.15 -1.60 0.10 23 X Y 201509280605A  
-32.11 3.95 18 -0.34 0.82 -0.48 -0.22 0.51 -4.32 23 X Y 201509280741A  
-80.92 -3.41 31 2.65 -0.16 -2.49 -0.17 -2.39 -1.58 23 X Y 201509280816A  
-86.36 16.86 24 -0.53 -4.77 5.31 -1.53 0.76 6.00 23 X Y 201509281337A  
-66.89 -23.84 221 -0.09 -0.03 0.12 0.11 -1.16 -0.05 25 X Y 201509281528A  
-58.22 13.75 12 -1.71 -0.89 2.59 -2.15 -0.03 0.27 23 X Y 201509291849A  
-72.04 -30.77 36 2.79 -0.24 -2.56 0.12 -1.86 0.21 23 X Y 201509300200A  
-27.47 -56.22 113 2.35 1.02 -3.38 -1.99 2.48 -0.07 24 X Y 201509301606A  
-71.86 -15.54 22 -1.82 1.71 0.11 0.48 -0.41 -0.31 23 X Y 201510011942A  
-71.82 -30.77 36 3.07 -0.38 -2.69 1.65 -2.13 1.04 23 X Y 201510021622A  
-72.93 -31.08 20 -3.17 -0.53 3.71 2.15 -0.41 0.74 23 X Y 201510021633A  
-73.71 -37.57 22 2.91 0.04 -2.95 -0.01 -3.89 -0.12 24 X Y 201510030603A  
-71.75 -30.33 42 0.74 0.04 -0.78 0.15 -0.30 -0.02 25 X Y 201510030626A  
-43.70 11.84 13 -5.12 0.41 4.70 0.26 -0.76 -0.39 23 X Y 201510030823A  
-71.88 -29.95 32 0.69 0.02 -0.70 -0.06 -0.48 -0.04 24 X Y 201510031121A  
-72.26 -30.41 12 1.14 0.05 -1.19 0.13 -0.92 0.10 24 X Y 201510040349A  
-71.88 -30.68 31 4.22 -0.16 -4.06 0.81 -2.47 0.18 23 X Y 201510041011A  
-72.33 -16.33 122 0.01 -1.20 1.20 -0.33 -0.80 -0.74 24 X Y 201510041450A  
-71.78 -30.36 43 0.75 0.04 -0.78 0.08 -0.33 -0.02 25 X Y 201510051633A  
-72.52 -30.26 24 3.22 0.06 -3.28 -0.35 -1.50 0.51 23 X Y 201510060451A  
-89.34 11.92 12 -3.49 2.71 0.78 -1.23 0.66 -1.84 23 X Y 201510060921A  
-69.91 -17.82 152 -1.29 -0.35 1.64 1.66 -2.94 0.29 23 X Y 201510070559A  
-71.82 -31.81 36 1.35 0.06 -1.40 -0.06 -1.21 0.24 24 X Y 201510091827A  
-67.22 -24.51 185 1.74 -1.37 -0.37 -1.09 -5.39 1.63 23 X Y 201510100600A  
-20.48 -60.88 14 -1.83 0.92 0.90 0.49 -0.14 1.35 24 X Y 201510100856A  
-71.96 -31.28 32 2.17 0.09 -2.26 0.41 -1.44 0.39 24 X Y 201510120315A  
-77.60 7.54 19 2.36 0.20 -2.57 0.09 -2.02 0.48 23 X Y 201510120435A  
-17.56 -59.30 30 -2.69 0.07 2.62 1.61 -1.02 0.82 23 X Y 201510140358A  
-73.42 7.73 120 0.25 3.38 -3.64 -3.91 -2.02 -2.47 23 X Y 201510140747A  
-78.97 -2.72 108 -1.37 -0.40 1.77 0.75 -0.49 -0.90 24 X Y 201510151007A  
-71.67 -30.40 36 3.12 0.59 -3.71 0.30 -1.97 -1.06 23 X Y 201510151923A  
-64.59 -25.35 23 3.18 1.37 -4.56 -1.02 -2.05 2.05 24 X Y 201510171133A  
-83.01 -43.02 17 -0.15 0.88 -0.72 0.42 -0.02 -2.64 24 X Y 201510171752A  
-71.51 -30.79 43 0.78 -0.08 -0.70 -0.21 0.12 0.13 24 X Y 201510201006A  
-65.99 -57.48 20 0.22 1.70 -1.92 -0.26 0.75 1.36 24 X Y 201510202033A  
-45.23 -60.57 12 -0.87 0.86 0.01 0.04 -0.16 0.28 24 X Y 201510220117A  
-31.34 -60.30 20 -1.83 -0.28 2.11 -0.76 0.73 0.64 23 X Y 201510220509A  
-19.17 -0.13 13 -0.24 0.98 -0.73 -0.00 -0.10 -2.48 23 X Y 201510221109A  
-3.27 -53.61 29 -2.88 1.61 1.27 0.06 -2.17 -1.04 23 X Y 201510231954A  
-71.64 -31.50 51 3.64 0.53 -4.17 -0.01 -1.84 1.04 23 X Y 201510242124A  
-27.92 -55.19 19 1.16 -2.03 0.86 -2.48 0.65 1.90 23 X Y 201510250209A  
-88.36 13.30 150 1.47 0.23 -1.70 2.88 -2.42 0.40 23 X Y 201510272249A  
-70.91 -23.14 36 3.32 0.11 -3.43 0.63 -1.75 0.07 23 X Y 201510280908A  
-51.31 -61.08 21 -2.92 2.05 0.87 -0.63 0.59 0.80 23 X Y 201510300318A  
-68.63 -23.19 128 -0.74 0.05 0.69 0.09 -0.04 -0.38 25 X Y 201511011516A  
-89.37 11.78 12 -4.29 2.82 1.47 -0.09 1.83 -2.18 23 X Y 201511020335A  
-72.28 -30.26 12 0.89 0.01 -0.91 0.06 -0.76 -0.02 24 X Y 201511060844A  
-71.51 8.50 18 -0.27 1.19 -0.92 -0.62 -0.18 -0.75 24 X Y 201511070658A  
-72.33 -29.54 12 1.12 -0.00 -1.12 -0.28 -0.91 -0.15 25 X Y 201511070704A  
-71.66 -30.99 43 1.29 0.08 -1.37 0.15 -0.61 0.14 26 X Y 201511070731A  
-71.71 -30.88 45 4.70 0.38 -5.08 0.19 -2.64 0.82 24 X Y 201511071053A  
-71.34 8.55 20 -0.53 2.30 -1.76 0.40 -1.20 0.51 23 X Y 201511071553A  
-69.50 -17.29 176 0.03 -0.68 0.65 1.70 -3.89 0.33 24 X Y 201511080813A  
-27.21 -56.35 90 -0.37 3.15 -2.79 -0.98 -1.46 -0.77 23 X Y 201511082347A  
-69.23 -23.51 123 -0.78 -0.05 0.84 -0.00 -0.83 0.10 24 X Y 201511090446A  
-15.16 -35.36 18 -3.16 0.71 2.45 0.59 -0.67 -0.69 23 X Y 201511092241A  
-68.88 -22.23 128 -0.60 -0.03 0.63 -0.14 -0.88 -0.07 24 X Y 201511101748A  
-72.18 -29.47 12 1.34 0.01 -1.35 0.04 -1.37 -0.01 26 X Y 201511110154A  
-72.29 -29.70 12 1.34 -0.02 -1.31 0.05 -1.43 0.04 26 X Y 201511110246A  
-85.95 9.56 12 -0.98 0.82 0.17 -0.03 0.31 -0.42 24 X Y 201511111208A  
-64.77 -29.83 34 1.81 -0.13 -1.68 1.02 -1.94 0.75 24 X Y 201511130604A  
-34.24 7.28 12 -0.02 0.00 0.02 0.07 -0.12 -1.15 24 X Y 201511140525A  
-71.40 8.54 12 -0.92 2.06 -1.14 0.48 0.02 0.06 23 X Y 201511141220A  
-81.97 17.89 19 0.04 -2.72 2.68 1.87 -0.95 7.87 24 X Y 201511160039A  
-69.55 -19.37 128 -1.20 0.29 0.91 0.52 -1.76 1.08 23 X Y 201511180613A  
-13.44 -7.34 12 -5.95 0.37 5.58 0.40 -1.42 -1.14 23 X Y 201511191349A  
-71.40 8.53 14 -0.95 1.43 -0.48 0.11 -0.53 0.84 23 X Y 201511201800A  
-71.98 -30.66 33 4.82 0.32 -5.14 0.80 -3.46 0.20 24 X Y 201511212305A  
-71.43 8.49 23 -0.40 5.49 -5.09 -0.56 0.02 -1.99 23 X Y 201511222038A  
-69.26 -23.72 94 -1.67 0.90 0.77 -0.48 -2.25 1.60 23 X Y 201511222216A  
-72.20 -31.85 25 3.45 -0.27 -3.18 0.04 -2.39 0.05 23 X Y 201511240914A  
-17.83 0.18 17 -0.14 1.39 -1.25 0.44 0.37 -2.50 24 X Y 201511242045A  
-71.12 -10.73 611 -2.59 0.30 2.29 -0.46 0.49 -0.64 27 X Y 201511242245A  
-71.28 -10.11 627 -3.27 0.39 2.87 -0.82 1.75 -0.67 27 X Y 201511242250A  
-70.38 18.51 21 1.97 0.20 -2.17 -0.04 -0.69 1.24 23 X Y 201511260038A  
-70.37 18.55 18 0.71 1.03 -1.74 -1.21 -0.77 1.25 23 X Y 201511260147A  
-71.35 -9.14 614 -1.09 0.09 1.01 -0.10 0.79 -0.22 26 X Y 201511260545A  
-89.16 13.02 62 0.34 -0.68 0.34 1.50 -1.49 0.22 24 X Y 201511271146A  
-70.90 -24.76 41 1.65 0.24 -1.89 0.48 -1.48 0.03 25 X Y 201511272100A  
-72.26 -30.39 12 2.49 0.11 -2.60 0.25 -2.58 0.11 24 X Y 201511280544A  
-71.21 3.83 13 -0.17 1.86 -1.69 -0.26 -0.95 0.81 23 X Y 201511281059B  
-64.56 -23.59 22 3.84 0.07 -3.90 -0.73 4.00 -1.77 24 X Y 201511291852A  
-64.38 -23.68 39 2.33 -0.64 -1.69 0.34 0.55 -0.46 24 X Y 201511291856A  
-67.24 -24.35 188 -0.81 0.01 0.81 0.06 -0.36 -0.07 24 X Y 201511301445A  
-71.29 -16.46 134 -4.31 1.19 3.13 0.02 -1.49 -3.14 23 X Y 201512011339A  
-72.31 -30.52 19 2.25 -0.17 -2.08 0.41 -1.83 0.13 23 X Y 201512020938A  
-1.81 -54.30 20 -2.46 1.23 1.23 -1.23 -1.64 -0.99 23 X Y 201512042022A  
-9.82 -48.63 13 -2.89 0.16 2.73 -1.91 -0.22 0.09 23 X Y 201512061916A  
-71.89 -30.92 35 2.44 0.08 -2.52 0.28 -2.18 0.30 24 X Y 201512081256A  
-73.45 -35.97 19 1.06 -0.04 -1.03 -0.36 -2.25 -0.31 24 X Y 201512100009A  
-23.26 -59.16 12 -2.81 -2.57 5.38 0.39 1.40 2.13 24 X Y 201512101205A  
-14.58 -12.60 12 -2.64 -0.18 2.81 2.24 1.50 0.03 23 X Y 201512121214A  
-25.07 1.16 20 -4.00 1.16 2.84 2.53 1.31 0.24 23 X Y 201512122330A  
-25.43 -56.53 23 1.15 3.85 -5.00 0.66 2.22 -0.81 23 X Y 201512151708A  
-15.94 -1.15 12 -2.08 -0.05 2.13 0.45 -0.38 -0.31 24 X Y 201512181146A  
-9.30 -58.18 28 0.38 -3.40 3.02 0.53 -3.79 6.46 23 X Y 201512182341A  
-71.54 -30.70 62 5.38 1.30 -6.68 0.81 -2.96 1.03 24 X Y 201512191925A  
-63.36 -17.96 14 1.75 0.88 -2.62 -2.31 0.20 3.86 23 X Y 201512211621A  
-73.03 -15.21 113 -1.52 -0.96 2.48 1.13 0.94 0.88 23 X Y 201512222034A  
-1.17 -54.18 12 -0.90 4.74 -3.85 0.11 0.45 -6.77 24 X Y 201512231655A  
-22.95 -54.64 30 3.29 -0.59 -2.69 1.13 -1.04 -1.77 23 X Y 201512250611A  
-1.78 -54.13 17 -3.50 1.66 1.84 1.14 -1.25 -1.59 23 X Y 201512251126A  
-86.23 -41.40 15 -0.48 1.22 -0.74 0.62 -0.84 -4.72 24 X Y 201512251758A  
-72.33 -31.80 30 5.58 -0.75 -4.83 0.18 -4.18 2.36 23 X Y 201512261758B  
-39.81 8.71 25 -0.56 0.44 0.12 -0.36 1.09 -1.87 23 X Y 201512272248A  
-61.30 14.66 151 -2.12 3.21 -1.09 -2.17 -0.88 -1.47 24 X Y 201512280655A  
-20.05 -0.31 25 1.34 0.27 -1.61 3.33 0.60 -4.19 23 X Y 201512281924A  
-76.59 7.02 30 1.46 -0.31 -1.14 -2.80 1.72 -4.26 23 X Y 201512290254A  
-73.65 19.52 27 2.01 -1.15 -0.86 0.46 -0.27 1.66 23 X Y 201512310220A  
-86.83 10.97 32 5.28 -3.72 -1.56 3.52 -2.29 3.05 24 X Y 201512311057A  
