# lon lat depth mrr mtt mpp mrt mrp mtp iexp name
-26.28 -56.46 39 4.14 -0.18 -3.96 2.02 2.61 2.90 23 X Y 201501232116A  
-29.45 -55.48 20 -0.43 -1.79 2.22 0.67 0.86 1.34 23 X Y 201502141912A  
-28.14 -55.50 14 1.00 -0.62 -0.39 -0.91 2.71 1.11 25 X Y 201502162200A  
-27.92 -55.43 24 1.37 -0.56 -0.81 0.04 0.90 0.87 24 X Y 201502170306A  
-25.49 -56.75 24 1.69 -2.02 0.33 0.38 1.13 -2.59 23 X Y 201502182247A  
-26.64 -56.45 101 0.98 1.93 -2.91 -7.70 4.22 1.47 23 X Y 201502281927A  
-66.85 -57.74 19 0.26 3.74 -4.00 1.61 3.04 0.37 23 X Y 201503140018A  
-28.07 -55.32 18 2.83 -1.37 -1.46 -0.83 5.01 2.44 23 X Y 201503190349A  
-36.08 -61.30 13 -3.38 1.80 1.58 0.71 0.66 2.14 23 X Y 201504140738A  
-26.44 -60.74 15 1.00 1.52 -2.52 0.22 2.24 -2.81 24 X Y 201504301019A  
-26.81 -56.67 113 0.58 0.17 -0.74 -1.12 -0.94 -0.35 24 X Y 201505041804A  
-20.19 -60.67 12 -1.29 1.12 0.18 0.15 -0.20 0.52 24 X Y 201505171943A  
-25.82 -59.98 46 4.60 -0.42 -4.18 -0.91 1.04 -2.53 24 X Y 201505242106A  
-28.82 -60.19 17 -0.84 1.27 -0.43 -1.14 -0.86 -2.23 23 X Y 201505251300A  
-24.55 -58.95 29 1.78 0.36 -2.14 -0.11 0.94 -0.29 24 X Y 201505262327A  
-24.51 -58.97 31 3.18 0.70 -3.88 -0.96 0.69 0.23 24 X Y 201505262341A  
-24.62 -58.99 30 3.05 0.04 -3.09 -0.04 1.29 -0.64 24 X Y 201505262351A  
-24.78 -59.08 35 3.82 0.07 -3.89 -0.33 -0.31 -0.54 23 X Y 201505270324A  
-24.66 -58.89 32 2.33 1.29 -3.62 -0.02 0.44 -0.25 23 X Y 201505270509A  
-25.82 -60.00 44 3.38 0.16 -3.55 -0.95 1.16 -1.57 24 X Y 201506200532A  
-35.19 -60.69 12 -1.24 -0.05 1.30 1.25 0.83 1.24 24 X Y 201507011824A  
-23.11 -59.11 20 -2.42 -0.94 3.35 -0.19 0.80 0.75 23 X Y 201507080708A  
-29.30 -59.98 14 -4.15 0.40 3.75 -2.42 1.66 1.23 23 X Y 201507080715A  
-24.72 -59.04 33 2.99 0.55 -3.54 -1.32 0.21 -0.44 23 X Y 201507082225A  
-26.67 -55.33 16 5.32 -2.62 -2.71 -1.77 2.88 2.89 23 X Y 201507101603A  
-28.43 -55.39 22 3.25 -3.39 0.14 -1.01 3.63 2.73 23 X Y 201507121035A  
-27.91 -55.91 133 0.64 -0.49 -0.15 -0.49 0.11 0.46 24 X Y 201507132016A  
-27.23 -56.18 137 2.01 -2.40 0.38 -0.97 -0.88 2.94 23 X Y 201507221518A  
-30.41 -56.00 15 -1.65 0.43 1.22 -1.18 1.39 0.20 23 X Y 201508200542A  
-25.17 -57.57 49 4.50 0.13 -4.63 -0.01 1.46 1.19 24 X Y 201508261351A  
-49.15 -60.43 27 0.13 0.20 -0.33 1.98 -0.28 2.98 23 X Y 201509060515A  
-25.79 -60.00 36 2.66 1.12 -3.78 -1.41 0.41 -1.34 23 X Y 201509090235A  
-29.92 -55.86 21 -1.69 0.88 0.81 0.53 -0.32 1.54 23 X Y 201509261950A  
-27.47 -56.22 113 2.35 1.02 -3.38 -1.99 2.48 -0.07 24 X Y 201509301606A  
-20.48 -60.88 14 -1.83 0.92 0.90 0.49 -0.14 1.35 24 X Y 201510100856A  
-65.99 -57.48 20 0.22 1.70 -1.92 -0.26 0.75 1.36 24 X Y 201510202033A  
-45.23 -60.57 12 -0.87 0.86 0.01 0.04 -0.16 0.28 24 X Y 201510220117A  
-31.34 -60.30 20 -1.83 -0.28 2.11 -0.76 0.73 0.64 23 X Y 201510220509A  
-27.92 -55.19 19 1.16 -2.03 0.86 -2.48 0.65 1.90 23 X Y 201510250209A  
-51.31 -61.08 21 -2.92 2.05 0.87 -0.63 0.59 0.80 23 X Y 201510300318A  
-27.21 -56.35 90 -0.37 3.15 -2.79 -0.98 -1.46 -0.77 23 X Y 201511082347A  
-23.26 -59.16 12 -2.81 -2.57 5.38 0.39 1.40 2.13 24 X Y 201512101205A  
-25.43 -56.53 23 1.15 3.85 -5.00 0.66 2.22 -0.81 23 X Y 201512151708A  
-22.95 -54.64 30 3.29 -0.59 -2.69 1.13 -1.04 -1.77 23 X Y 201512250611A  
-54.79 -54.11 18 0.06 -2.25 2.19 0.99 -1.70 1.31 23 X Y 201601252302A  
-25.32 -57.95 78 0.32 -3.26 2.95 -2.21 -3.90 -1.88 23 X Y 201602091228A  
-27.09 -56.28 116 1.28 0.02 -1.30 -2.98 1.24 2.22 24 X Y 201602180107A  
-26.65 -56.43 149 0.84 -2.14 1.30 -1.35 2.07 -0.36 23 X Y 201603031928A  
-39.62 -54.73 15 0.19 -0.22 0.03 0.62 0.05 1.24 24 X Y 201603091550A  
-66.75 -57.42 28 3.75 -1.23 -2.52 0.83 -0.61 0.71 23 X Y 201603100324A  
-26.61 -56.46 93 -1.33 2.13 -0.80 -2.24 2.52 0.75 24 X Y 201603140726A  
-26.37 -55.84 49 2.45 -0.36 -2.09 -0.58 1.13 1.66 23 X Y 201603151335A  
-22.97 -59.14 18 -1.07 -0.37 1.44 0.73 0.09 2.93 23 X Y 201603160924A  
-26.70 -56.50 107 0.49 0.01 -0.50 -0.62 -0.20 -0.33 24 X Y 201603181052A  
-27.41 -56.40 12 2.44 -0.94 -1.50 -0.69 -0.62 0.20 24 X Y 201603281907A  
-30.71 -60.46 17 -0.98 -1.20 2.18 2.08 2.49 5.45 23 X Y 201604080717A  
-24.63 -58.14 37 2.27 0.28 -2.55 -0.27 1.09 0.46 24 X Y 201604171933A  
-26.99 -55.60 20 1.04 -0.63 -0.41 -0.71 0.67 0.62 24 X Y 201604190418A  
-27.05 -55.59 21 2.23 -1.49 -0.74 -1.65 1.19 1.17 25 X Y 201604190525A  
-26.75 -59.53 12 2.87 -1.54 -1.33 -1.15 -0.17 -0.21 24 X Y 201604240838A  
-26.54 -55.51 13 5.00 -1.60 -3.40 -2.61 5.14 3.39 23 X Y 201604252147A  
-25.28 -60.28 19 -2.65 -0.08 2.74 -0.40 4.02 1.94 23 X Y 201605020737A  
-26.16 -55.50 21 2.71 -1.02 -1.69 -1.83 0.17 1.44 23 X Y 201605172201A  
-26.50 -56.24 69 -4.43 5.71 -1.28 -4.17 2.34 2.53 26 X Y 201605280947A  
-26.27 -55.63 27 3.48 -1.58 -1.90 0.12 0.71 0.99 23 X Y 201605300514A  
-55.13 -61.82 16 -2.01 -1.35 3.37 -0.33 -0.28 0.85 23 X Y 201605301535A  
-26.72 -55.39 17 3.82 -1.53 -2.29 -3.36 2.21 2.47 23 X Y 201606222010A  
-42.91 -60.97 16 -0.10 1.56 -1.46 -0.00 1.21 1.00 24 X Y 201606230305A  
-37.20 -61.17 13 -0.31 2.04 -1.73 0.13 0.48 3.12 23 X Y 201607080311A  
-68.98 -56.78 27 1.41 1.58 -2.99 0.38 -0.25 1.50 23 X Y 201607112141A  
-69.11 -56.74 24 1.47 2.15 -3.62 0.39 -0.56 1.17 23 X Y 201607112148A  
-26.48 -55.65 60 3.30 -0.98 -2.33 -3.51 0.52 3.46 23 X Y 201607261632A  
-25.83 -59.90 44 2.32 1.64 -3.96 -1.44 0.96 -1.55 23 X Y 201607310934A  
-27.19 -56.24 109 0.23 1.09 -1.32 -4.86 1.07 7.53 24 X Y 201607311133A  
-24.94 -58.98 51 2.24 0.78 -3.02 -0.33 0.58 0.04 24 X Y 201608020732A  
-27.02 -55.51 32 4.30 -1.71 -2.59 0.51 1.30 1.87 23 X Y 201608031515A  
-24.91 -59.36 57 2.00 1.36 -3.36 -1.16 0.42 1.35 23 X Y 201608111806A  
-31.41 -55.16 22 1.31 -0.87 -0.43 -0.85 1.04 0.80 27 X Y 201608190732A  
-31.92 -55.09 12 3.17 -2.22 -0.95 -2.32 3.80 2.89 24 X Y 201608191733A  
-31.97 -55.10 21 1.83 -1.62 -0.21 -1.43 1.55 1.21 24 X Y 201608192037A  
-31.13 -55.15 29 5.54 -4.05 -1.50 -0.60 0.48 1.50 23 X Y 201608192256A  
-31.15 -55.34 15 3.17 -2.01 -1.16 -3.35 2.14 1.37 23 X Y 201608200004A  
-31.94 -54.97 12 0.58 -0.48 -0.09 -0.61 0.43 0.45 24 X Y 201608200015A  
-31.05 -54.78 13 -0.67 0.82 -0.15 0.60 -0.07 -0.15 24 X Y 201608201117A  
-31.11 -54.83 12 -4.60 4.20 0.40 2.90 -0.84 -0.40 23 X Y 201608201127A  
-31.59 -55.23 23 1.12 -0.78 -0.34 -0.52 1.12 0.84 25 X Y 201608210345A  
-31.67 -54.94 20 0.67 -0.50 -0.17 -0.53 -0.06 0.32 24 X Y 201608210428A  
-30.80 -55.10 12 1.72 -1.20 -0.53 -2.11 1.34 1.55 23 X Y 201608220142A  
-31.64 -55.14 31 3.08 -2.60 -0.48 -1.51 2.34 2.38 23 X Y 201608220832A  
-29.94 -55.09 20 2.75 -3.35 0.60 -2.37 0.52 0.88 23 X Y 201608221020A  
-31.19 -55.10 21 3.12 -1.51 -1.60 -0.89 0.38 1.71 23 X Y 201608222043A  
-30.65 -55.27 18 3.33 -0.66 -2.68 0.20 -1.52 0.78 23 X Y 201608230252A  
-31.02 -54.95 14 2.15 -1.25 -0.90 -2.17 0.73 1.56 23 X Y 201608261035A  
-30.83 -55.27 22 2.91 -2.18 -0.72 -0.24 0.69 0.96 23 X Y 201608261158A  
-26.23 -56.37 45 3.18 -0.38 -2.79 0.01 1.40 1.52 23 X Y 201608270451A  
-31.19 -55.04 12 4.45 -2.85 -1.60 -5.76 3.98 3.43 23 X Y 201608281426A  
-30.18 -55.38 12 0.91 -0.14 -0.77 -0.04 -0.25 -0.15 24 X Y 201608301546A  
-32.39 -60.68 18 -0.53 0.08 0.45 0.74 0.95 1.99 23 X Y 201608310038A  
-30.70 -55.34 12 1.73 0.51 -2.24 0.22 -0.10 -0.59 24 X Y 201609020157A  
-30.69 -55.34 12 6.11 -1.03 -5.08 -0.63 0.20 0.30 23 X Y 201609020648A  
-31.01 -55.23 17 2.72 -1.70 -1.02 -0.30 3.00 1.46 23 X Y 201609021357A  
-30.46 -55.11 18 2.69 -1.85 -0.84 -2.67 -0.05 -0.98 23 X Y 201609021638A  
-27.24 -56.31 116 1.23 1.11 -2.34 -2.55 0.14 1.73 23 X Y 201609141803A  
-30.52 -54.70 12 -4.94 4.81 0.14 0.87 -1.71 -0.73 23 X Y 201609161204A  
-31.01 -55.17 16 1.34 1.05 -2.39 0.64 -4.24 -4.11 23 X Y 201609171800A  
-31.56 -55.02 17 2.37 -1.83 -0.55 -2.44 1.30 1.71 23 X Y 201609181432A  
-30.28 -54.80 12 -3.70 3.44 0.26 1.78 -0.24 0.44 23 X Y 201609210005A  
-31.92 -54.95 12 1.22 -1.68 0.46 -2.09 1.36 1.20 23 X Y 201609210038A  
-30.39 -54.75 12 -3.55 3.34 0.21 2.10 0.36 0.51 23 X Y 201609210719A  
-26.60 -59.51 12 1.88 -1.40 -0.48 -1.08 0.42 -0.23 24 X Y 201609221607A  
-31.36 -54.87 12 3.48 -2.69 -0.78 -5.24 -1.86 2.22 23 X Y 201609230335B  
-30.18 -54.72 28 -1.06 0.70 0.36 0.20 -0.23 0.19 24 X Y 201609240132A  
-30.90 -54.69 28 -4.57 3.37 1.20 1.72 1.04 -1.10 23 X Y 201609240750A  
-47.41 -60.47 12 0.45 0.22 -0.67 0.19 0.47 1.50 24 X Y 201610180426A  
-25.00 -57.00 28 3.00 -0.69 -2.31 1.38 0.64 1.03 23 X Y 201610290040A  
-29.72 -59.90 25 -0.60 -2.31 2.91 1.85 2.65 2.41 23 X Y 201611100949A  
-26.87 -55.79 35 2.55 -1.01 -1.54 -1.73 2.54 2.27 23 X Y 201611171429A  
-57.05 -61.45 34 0.88 -2.52 1.64 -2.20 -1.44 -0.12 23 X Y 201611200058A  
-25.68 -61.06 17 -0.08 1.10 -1.03 -0.22 0.03 0.41 24 X Y 201612271804A  
-25.82 -59.28 110 -0.70 2.07 -1.38 0.77 2.03 -2.49 23 X Y 201701131314A  
-64.73 -58.13 21 0.49 0.07 -0.56 0.66 0.54 0.66 24 X Y 201701291738A  
-26.60 -56.45 71 -0.11 3.86 -3.75 -1.27 0.90 3.32 23 X Y 201702120401A  
-51.03 -60.78 12 -2.36 0.57 1.78 -0.57 -2.08 0.51 23 X Y 201702220825A  
-30.41 -55.41 12 2.78 -3.16 0.38 -1.33 5.37 2.29 23 X Y 201702240559A  
-27.47 -59.72 194 -3.33 -1.84 5.17 -3.60 0.83 -1.06 23 X Y 201703180031A  
-26.94 -55.78 12 0.11 0.20 -0.31 -0.50 1.10 0.25 24 X Y 201703301313A  
-27.78 -55.36 19 2.71 -1.82 -0.90 0.87 2.02 1.62 23 X Y 201703302158A  
-29.81 -55.73 12 -1.06 -0.52 1.58 0.32 0.68 0.60 24 X Y 201704041353A  
-48.50 -53.29 28 -2.81 0.61 2.20 -0.84 1.56 2.92 23 X Y 201704042123A  
-30.07 -55.89 12 -3.35 -0.44 3.80 0.82 1.51 1.28 23 X Y 201704271234A  
-30.00 -55.85 12 -3.17 -1.34 4.51 1.31 0.36 2.45 23 X Y 201704271335A  
-26.34 -55.98 31 2.87 -0.32 -2.56 0.45 2.31 1.56 23 X Y 201705031724A  
-37.81 -61.04 23 -1.43 0.67 0.76 2.20 1.98 8.37 24 X Y 201705060016A  
-29.29 -55.25 21 2.83 -3.83 1.01 0.48 2.61 2.94 23 X Y 201705080901A  
-25.51 -56.43 19 4.84 -0.45 -4.39 -1.44 3.03 1.83 25 X Y 201705102323A  
-25.49 -56.43 23 5.04 -1.80 -3.25 -0.52 0.72 1.73 24 X Y 201705110109A  
-25.36 -56.57 27 3.19 -0.83 -2.36 0.96 1.20 0.60 23 X Y 201705110933A  
-25.26 -56.57 19 3.25 -0.32 -2.94 -0.67 1.92 1.41 24 X Y 201705111541A  
-25.29 -56.67 16 1.24 -0.03 -1.21 0.13 1.17 0.55 24 X Y 201705111557A  
-25.26 -56.68 19 3.68 -0.28 -3.40 0.32 1.48 1.44 23 X Y 201705120521A  
-23.38 -60.26 19 -4.29 1.31 2.98 2.26 -1.16 1.44 23 X Y 201705150822A  
-25.12 -56.25 28 3.40 -0.02 -3.39 -2.41 0.41 1.34 23 X Y 201705151702A  
-25.04 -56.45 13 0.80 -0.07 -0.73 -0.25 0.90 0.50 24 X Y 201705152112A  
-25.17 -56.49 28 4.84 -1.77 -3.07 -1.04 0.54 1.06 23 X Y 201705161442A  
-25.56 -58.93 93 1.71 -1.10 -0.61 -0.50 -3.07 -1.93 24 X Y 201705301129A  
-26.34 -56.24 47 2.73 0.09 -2.82 0.63 1.90 2.16 23 X Y 201706201254A  
-27.16 -56.14 91 2.89 -0.20 -2.69 -3.51 -0.82 3.35 23 X Y 201706201302A  
-27.32 -56.18 76 0.73 -0.07 -0.66 -1.21 -1.06 2.09 24 X Y 201707090557A  
-49.09 -60.52 13 -0.42 0.83 -0.41 1.07 1.88 6.45 23 X Y 201707112238A  
-28.27 -55.96 76 0.84 -3.33 2.49 -1.27 -1.93 1.80 23 X Y 201707212209A  
-30.85 -54.99 30 3.53 -1.59 -1.94 -4.00 1.11 3.01 23 X Y 201707312131A  
-30.00 -55.60 12 -0.68 -0.06 0.75 -0.11 0.21 -0.05 24 X Y 201708121014A  
-29.33 -55.78 12 -2.77 1.34 1.43 0.28 0.78 0.90 23 X Y 201708190733A  
-26.49 -59.63 12 6.56 -4.12 -2.44 -1.86 2.46 -1.26 23 X Y 201708291647A  
-25.22 -59.67 38 3.62 0.84 -4.46 -0.78 1.30 -1.50 23 X Y 201708300953A  
-24.84 -57.91 39 1.42 0.08 -1.50 -0.08 0.56 0.31 25 X Y 201709040807A  
-24.82 -57.91 39 2.77 1.26 -4.03 1.34 1.39 -0.31 23 X Y 201709061345A  
-28.17 -55.38 15 1.22 -0.82 -0.41 -0.51 1.81 1.37 24 X Y 201709151848A  
-28.56 -55.22 12 1.45 -1.85 0.39 -1.76 2.69 2.13 23 X Y 201710031904A  
-24.32 -56.29 21 -2.98 1.41 1.57 0.86 0.26 -0.98 23 X Y 201710120312A  
-29.65 -55.63 17 -2.25 0.38 1.87 0.19 0.39 -0.32 23 X Y 201710170659A  
-25.97 -60.23 38 3.14 -4.31 1.17 3.14 1.63 -0.05 23 X Y 201710312226A  
-25.19 -56.57 27 2.93 -0.17 -2.76 1.03 1.70 1.12 23 X Y 201711011858A  
-62.83 -58.59 18 -0.42 -2.15 2.56 2.44 0.27 8.68 23 X Y 201711161551A  
-24.85 -58.15 38 2.70 0.58 -3.28 0.21 1.32 0.82 23 X Y 201711302309A  